0   476.263
1   457.262
2   440.072
3   423.328
4   410.213
5   398.203
6   388.435
7   378.393
8   369.016
9   360.24
10   353.142
11   347.333
12   341.469
13   336.077
14   330.566
15   325.22
16   319.587
17   313.64
18   307.795
19   301.769
20   296.61
21   292.228
22   288.483
23   284.604
24   281.408
25   278.178
26   274.746
27   270.812
28   266.598
29   262.535
30   258.741
31   255.508
32   252.807
33   250.43
34   248.329
35   246.146
36   243.894
37   241.862
38   239.475
39   236.987
40   234.899
41   232.937
42   230.366
43   227.712
44   225.022
45   222.048
46   218.825
47   215.854
48   212.705
49   209.807
50   207.155
51   204.652
52   202.385
53   200.177
54   197.868
55   196.235
56   194.62
57   192.907
58   191.211
59   189.392
60   187.597
61   185.501
62   183.795
63   182.495
64   181.085
65   179.817
66   179.009
67   178.199
68   176.954
69   175.729
70   174.088
71   172.378
72   170.586
73   168.457
74   165.915
75   163.667
76   160.575
77   157.763
78   155.478
79   153.174
80   151.53
81   150.047
82   148.652
83   147.329
84   146.162
85   145.205
86   144.299
87   143.56
88   142.892
89   142.104
90   141.505
91   140.939
92   140.184
93   139.302
94   138.291
95   137.217
96   136.081
97   135.042
98   133.824
99   132.568
100   131.365
101   130.154
102   129.24
103   128.044
104   127.316
105   126.467
106   125.678
107   125.057
108   124.305
109   123.48
110   122.515
111   121.622
112   120.695
113   119.754
114   118.898
115   118.302
116   117.591
117   116.862
118   116.2
119   115.584
120   114.975
121   114.335
122   113.679
123   113.058
124   112.619
125   112.321
126   111.985
127   111.696
128   111.426
129   111.118
130   110.585
131   110.165
132   109.589
133   109.105
134   108.506
135   108.047
136   107.6
137   107.161
138   106.771
139   106.455
140   105.982
141   105.682
142   105.326
143   105.133
144   104.949
145   104.793
146   104.589
147   104.361
148   104.074
149   103.853
150   103.49
151   102.953
152   102.364
153   101.913
154   101.295
155   100.885
156   100.611
157   100.36
158   100.134
159   99.9481
160   99.8597
161   99.7801
162   99.7571
163   99.5663
164   99.2417
165   99.1693
166   98.8577
167   98.5839
168   98.3376
169   97.8233
170   97.3792
171   96.9693
172   96.7573
173   96.6864
174   96.691
175   96.5374
176   96.4987
177   96.4408
178   95.9622
179   95.5774
180   95.2725
181   95.0337
182   94.8281
183   94.6196
184   94.4333
185   94.341
186   94.2543
187   94.0989
188   93.8431
189   93.7011
190   93.403
191   93.1481
192   92.765
193   92.2514
194   91.7378
195   91.2266
196   90.7942
197   90.4128
198   90.0625
199   89.7865
200   89.5608
201   89.3296
202   89.1198
203   88.9123
204   88.7475
205   88.5563
206   88.4146
207   88.2916
208   88.2381
209   88.1188
210   88.0258
211   87.9725
212   88.026
213   88.0593
214   88.0718
215   87.8279
216   87.6602
217   87.537
218   87.2168
219   87.1679
220   87.0759
221   87.0361
222   86.9205
223   86.7429
224   86.813
225   86.6329
226   86.3839
227   86.1349
228   85.7865
229   85.4927
230   85.1004
231   84.83
232   84.6082
233   84.3676
234   84.1349
235   83.981
236   83.8509
237   83.7081
238   83.6031
239   83.5396
240   83.4421
241   83.3468
242   83.1948
243   83.0813
244   82.969
245   82.8546
246   82.7358
247   82.6626
248   82.575
249   82.4991
250   82.385
251   82.2918
252   82.1626
253   82.0558
254   81.9026
255   81.6995
256   81.5288
257   81.3502
258   81.1354
259   80.9376
260   80.7877
261   80.6098
262   80.4393
263   80.3057
264   80.1732
265   80.1017
266   79.983
267   79.9573
268   79.9041
269   79.7581
270   79.576
271   79.4825
272   79.3579
273   79.1639
274   78.9552
275   78.7337
276   78.64
277   78.4271
278   78.324
279   78.1753
280   78.1201
281   78.1569
282   78.0317
283   78.0156
284   77.974
285   77.9961
286   77.9195
287   77.9115
288   77.9197
289   77.7025
290   77.5215
291   77.4148
292   77.4384
293   77.5347
294   77.6482
295   77.4878
296   77.3922
297   77.2375
298   77.133
299   77.3378
300   77.3533
301   77.2029
302   77.1578
303   76.9948
304   76.675
305   76.4059
306   76.2314
307   76.0066
308   75.9162
309   75.8432
310   75.7732
311   75.6641
312   75.6019
313   75.5391
314   75.4443
315   75.4241
316   75.4266
317   75.4899
318   75.4023
319   75.3769
320   75.3624
321   75.2807
322   75.2413
323   75.1806
324   75.1635
325   75.1352
326   75.1002
327   75.048
328   75.0053
329   74.9952
330   74.9448
331   74.9391
332   74.9667
333   75.0394
334   75.0972
335   75.1781
336   75.3993
337   75.67
338   75.9375
339   76.0742
340   76.1473
341   76.2524
342   75.9645
343   75.8667
344   75.9213
345   75.6005
346   75.237
347   74.9092
348   74.6224
349   74.5248
350   74.3609
351   74.2514
352   74.2377
353   74.1524
354   74.202
355   74.2572
356   74.4053
357   74.5156
358   74.5865
359   74.7316
360   74.7432
361   74.8227
362   75.0044
363   75.1207
364   75.1905
365   75.395
366   75.6592
367   75.8283
368   75.9318
369   76.0732
370   76.222
371   75.8558
372   75.4256
373   75.1933
374   74.6929
375   74.357
376   74.2808
377   74.3036
378   74.1889
379   74.3078
380   74.4464
381   74.63
382   74.6617
383   74.6959
384   74.5596
385   74.5972
386   74.4233
387   74.0085
388   73.8817
389   73.5725
390   73.4951
391   73.4953
392   73.4562
393   73.4409
394   73.4251
395   73.5354
396   73.654
397   73.8271
398   74.0645
399   74.149
400   74.5169
401   74.59
402   74.6422
403   74.4086
404   74.07
405   74.0266
406   73.674
407   73.3946
408   73.1751
409   72.9333
410   72.8077
411   72.7575
412   72.6799
413   72.6443
414   72.6372
415   72.6141
416   72.586
417   72.5934
418   72.599
419   72.6063
420   72.5932
421   72.5885
422   72.5713
423   72.5708
424   72.5877
425   72.6224
426   72.5861
427   72.5584
428   72.5649
429   72.5588
430   72.5687
431   72.5497
432   72.5237
433   72.4732
434   72.4025
435   72.3361
436   72.2588
437   72.221
438   72.1591
439   72.1239
440   72.0858
441   72.0622
442   72.0451
443   72.0558
444   72.0308
445   72.0321
446   72.0608
447   72.0683
448   72.0703
449   72.0261
450   72.0233
451   72.0333
452   71.9904
453   71.9888
454   71.938
455   71.8537
456   71.769
457   71.7479
458   71.7144
459   71.7131
460   71.671
461   71.682
462   71.6656
463   71.6476
464   71.6458
465   71.6539
466   71.6349
467   71.6008
468   71.6044
469   71.5577
470   71.4873
471   71.4639
472   71.4587
473   71.4727
474   71.4047
475   71.421
476   71.4179
477   71.4017
478   71.422
479   71.4364
480   71.3935
481   71.387
482   71.355
483   71.3802
484   71.3078
485   71.2289
486   71.2046
487   71.2358
488   71.2045
489   71.1233
490   71.1705
491   71.1547
492   71.1606
493   71.1371
494   71.0628
495   71.0852
496   71.0709
497   71.0749
498   71.0993
499   71.0889
500   71.0794
501   71.078
502   71.0623
503   71.0717
504   71.0654
505   71.0948
506   71.0879
507   71.0705
508   71.072
509   71.0727
510   71.0856
511   71.0998
512   71.064
513   71.0603
514   71.0603
515   71.071
516   71.0992
517   71.099
518   71.1016
519   71.0922
520   71.0878
521   71.07
522   71.0956
523   71.1129
524   71.2278
525   71.3255
526   71.4039
527   71.4563
528   71.4833
529   71.4147
530   71.3419
531   71.2869
532   71.2801
533   71.2028
534   71.1439
535   71.1372
536   71.1065
537   71.0594
538   71.0738
539   71.0569
540   71.0519
541   71.0563
542   71.0723
543   71.0547
544   71.0652
545   71.1078
546   71.2191
547   71.2976
548   71.2471
549   71.1974
550   70.9803
551   70.9713
552   70.878
553   70.7594
554   70.6671
555   70.6819
556   70.5875
557   70.6187
558   70.5914
559   70.5598
560   70.5236
561   70.5293
562   70.5132
563   70.5134
564   70.5247
565   70.5133
566   70.5135
567   70.5132
568   70.5146
569   70.5201
570   70.5159
571   70.5132
572   70.5257
573   70.5198
574   70.5366
575   70.5188
576   70.555
577   70.568
578   70.5494
579   70.593
580   70.5707
581   70.5616
582   70.5705
583   70.5624
584   70.5579
585   70.5528
586   70.5181
587   70.5388
588   70.5498
589   70.5195
590   70.5178
591   70.5283
592   70.5132
593   70.5242
594   70.5198
595   70.5195
596   70.5213
597   70.5222
598   70.5139
599   70.5132
600   70.5264
601   70.573
602   70.5228
603   70.5251
604   70.5132
605   70.5132
606   70.5132
607   70.5132
608   70.5132
609   70.5223
610   70.5134
611   70.5858
612   70.5752
613   70.597
614   70.5471
615   70.5132
616   70.5182
617   70.5623
618   70.5219
619   70.5049
620   70.4871
621   70.4833
622   70.4562
623   70.4292
624   70.3981
625   70.3646
626   70.3437
627   70.3317
628   70.3237
629   70.3205
630   70.3266
631   70.3333
632   70.3501
633   70.3499
634   70.3172
635   70.3379
636   70.3247
637   70.3262
638   70.3246
639   70.2924
640   70.258
641   70.2108
642   70.1426
643   70.0659
644   70.0021
645   69.9393
646   69.9328
647   69.8879
648   69.8948
649   69.8622
650   69.857
651   69.9257
652   69.8764
653   69.9171
654   69.8992
655   69.9054
656   69.8626
657   69.8575
658   69.875
659   69.8698
660   69.8871
661   69.8656
662   69.8776
663   69.8715
664   69.8552
665   69.8504
666   69.857
667   69.8422
668   69.8356
669   69.84
670   69.8362
671   69.8356
672   69.84
673   69.8575
674   69.9434
675   69.8788
676   69.8976
677   69.9125
678   69.8823
679   69.836
680   69.836
681   69.8587
682   69.8598
683   69.8459
684   69.8356
685   69.8567
686   69.8413
687   69.8889
688   69.8847
689   69.889
690   69.8561
691   69.8469
692   69.8471
693   69.8642
694   69.8737
695   69.8588
696   69.8391
697   69.8393
698   69.8455
699   69.8472
700   69.8361
701   69.8588
702   69.8765
703   69.858
704   69.8495
705   69.844
706   69.8362
707   69.8533
708   69.9154
709   69.886
710   69.8583
711   69.8475
712   69.8384
713   69.8672
714   69.8421
715   69.8998
716   69.9375
717   69.8805
718   69.8775
719   69.8567
720   69.8741
721   69.8624
722   69.844
723   69.8356
724   69.8585
725   69.8656
726   69.8931
727   69.9078
728   69.9056
729   69.9229
730   69.9311
731   69.8971
732   69.8936
733   69.8805
734   69.8742
735   69.8483
736   69.8638
737   69.8715
738   69.9434
739   69.9933
740   69.9389
741   69.8809
742   69.8915
743   69.8583
744   69.887
745   69.8948
746   69.8636
747   69.8368
748   69.8362
749   69.8451
750   69.8889
751   69.8644
752   69.9143
753   69.9107
754   69.8697
755   69.8396
756   69.8746
757   69.8445
758   69.8498
759   69.8559
760   69.8515
761   69.8778
762   69.8545
763   69.8356
764   69.8356
765   69.8379
766   69.8756
767   69.8731
768   69.876
769   69.8454
770   69.8457
771   69.8553
772   69.8483
773   69.899
774   69.8686
775   69.9172
776   69.894
777   69.8641
778   69.8414
779   69.8477
780   69.8356
781   69.8512
782   69.8787
783   69.8423
784   69.8359
785   69.8531
786   69.8367
787   69.8415
788   69.8472
789   69.8363
790   69.8356
791   69.8409
792   69.8482
793   69.9462
794   69.8853
795   69.8738
796   69.8608
797   69.8819
798   69.8418
799   69.8592
800   69.8356
801   69.836
802   69.8471
803   69.87
804   69.9021
805   69.8824
806   69.8881
807   69.9089
808   69.9524
809   69.9223
810   69.835
811   69.8015
812   69.7288
813   69.677
814   69.6447
815   69.6149
816   69.6554
817   69.66
818   69.6137
819   69.5643
820   69.5854
821   69.5813
822   69.5592
823   69.5683
824   69.5592
825   69.5692
826   69.5754
827   69.5964
828   69.58
829   69.6776
830   69.6305
831   69.5947
832   69.5767
833   69.5895
834   69.5968
835   69.6144
836   69.6368
837   69.6143
838   69.6589
839   69.5937
840   69.5793
841   69.5717
842   69.5853
843   69.6022
844   69.6161
845   69.6349
846   69.5937
847   69.5683
848   69.5593
849   69.5616
850   69.5646
851   69.5592
852   69.5609
853   69.599
854   69.5884
855   69.5803
856   69.5771
857   69.5667
858   69.5658
859   69.5791
860   69.6122
861   69.5907
862   69.5757
863   69.5592
864   69.5876
865   69.5904
866   69.5997
867   69.6164
868   69.6229
869   69.5939
870   69.5892
871   69.5769
872   69.5771
873   69.5592
874   69.572
875   69.5655
876   69.5821
877   69.5775
878   69.5677
879   69.5891
880   69.5643
881   69.589
882   69.5644
883   69.5761
884   69.5728
885   69.5647
886   69.5598
887   69.5592
888   69.5826
889   69.5749
890   69.5934
891   69.5762
892   69.5869
893   69.5686
894   69.588
895   69.6252
896   69.638
897   69.6288
898   69.5764
899   69.6037
900   69.5949
901   69.6063
902   69.594
903   69.5811
904   69.5858
905   69.5705
906   69.6715
907   69.6744
908   69.6216
909   69.6038
910   69.5941
911   69.5836
912   69.5882
913   69.5769
914   69.5709
915   69.5774
916   69.5603
917   69.5592
918   69.5848
919   69.6009
920   69.5823
921   69.6282
922   69.6904
923   69.6324
924   69.5697
925   69.6475
926   69.6007
927   69.6436
928   69.6368
929   69.6526
930   69.6124
931   69.5875
932   69.569
933   69.5988
934   69.5667
935   69.5671
936   69.5705
937   69.5632
938   69.5828
939   69.5806
940   69.5625
941   69.5811
942   69.5742
943   69.618
944   69.5717
945   69.5592
946   69.5635
947   69.5654
948   69.57
949   69.5721
950   69.5949
951   69.6373
952   69.7126
953   69.6272
954   69.5982
955   69.601
956   69.5982
957   69.6141
958   69.6379
959   69.6618
960   69.5899
961   69.5902
962   69.5823
963   69.5968
964   69.5856
965   69.5683
966   69.5678
967   69.5711
968   69.623
969   69.5942
970   69.581
971   69.5772
972   69.5647
973   69.5845
974   69.5737
975   69.6263
976   69.6541
977   69.6089
978   69.6258
979   69.5859
980   69.58
981   69.6297
982   69.642
983   69.6233
984   69.5949
985   69.5783
986   69.568
987   69.5918
988   69.5672
989   69.5962
990   69.5857
991   69.5816
992   69.5772
993   69.5739
994   69.5856
995   69.5945
996   69.6223
997   69.5612
998   69.5592
999   69.5592
1000   69.5719
1001   69.5759
1002   69.6105
1003   69.5906
1004   69.5907
1005   69.5936
1006   69.6014
1007   69.5753
1008   69.5969
1009   69.5908
1010   69.5906
1011   69.5877
1012   69.6008
1013   69.5592
1014   69.5829
1015   69.5745
1016   69.5592
1017   69.5809
1018   69.6193
1019   69.5789
1020   69.5716
1021   69.5762
1022   69.5869
1023   69.5975
1024   69.5592
1025   69.5643
1026   69.5962
1027   69.5939
1028   69.5871
1029   69.5947
1030   69.5876
1031   69.5646
1032   69.5619
1033   69.573
1034   69.5822
1035   69.5835
1036   69.5835
1037   69.5783
1038   69.5986
1039   69.5755
1040   69.6009
1041   69.6131
1042   69.6267
1043   69.5959
1044   69.5592
1045   69.5596
1046   69.588
1047   69.5894
1048   69.591
1049   69.5739
1050   69.5679
1051   69.5596
1052   69.5626
1053   69.5901
1054   69.5666
1055   69.5773
1056   69.5793
1057   69.5693
1058   69.5655
1059   69.5593
1060   69.5672
1061   69.5622
1062   69.5676
1063   69.5688
1064   69.5837
1065   69.6148
1066   69.6153
1067   69.6406
1068   69.6163
1069   69.6804
1070   69.6449
1071   69.5988
1072   69.5807
1073   69.5716
1074   69.5706
1075   69.5803
1076   69.5801
1077   69.5687
1078   69.5791
1079   69.5821
1080   69.5777
1081   69.5593
1082   69.5855
1083   69.5938
1084   69.5799
1085   69.5622
1086   69.5603
1087   69.5809
1088   69.6212
1089   69.6038
1090   69.6378
1091   69.6589
1092   69.6189
1093   69.613
1094   69.5879
1095   69.5855
1096   69.5776
1097   69.5624
1098   69.5788
1099   69.6807
1100   69.6693
1101   69.6213
1102   69.6266
1103   69.6887
1104   69.6918
1105   69.5958
1106   69.5712
1107   69.5592
1108   69.5592
1109   69.5592
1110   69.5669
1111   69.5718
1112   69.584
1113   69.5721
1114   69.5672
1115   69.5767
1116   69.5812
1117   69.5592
1118   69.6241
1119   69.5819
1120   69.5686
1121   69.5612
1122   69.5699
1123   69.5774
1124   69.5677
1125   69.5812
1126   69.6011
1127   69.5837
1128   69.5612
1129   69.5976
1130   69.5885
1131   69.5675
1132   69.5721
1133   69.5651
1134   69.5797
1135   69.5612
1136   69.572
1137   69.585
1138   69.5826
1139   69.5621
1140   69.5648
1141   69.5996
1142   69.5674
1143   69.5736
1144   69.5766
1145   69.5744
1146   69.5814
1147   69.5874
1148   69.5634
1149   69.5597
1150   69.5725
1151   69.5728
1152   69.5831
1153   69.5668
1154   69.5642
1155   69.5613
1156   69.5672
1157   69.5656
1158   69.577
1159   69.5973
1160   69.5636
1161   69.571
1162   69.5697
1163   69.639
1164   69.5967
1165   69.6081
1166   69.6005
1167   69.5792
1168   69.612
1169   69.5282
1170   69.4588
1171   69.4087
1172   69.3529
1173   69.3131
1174   69.2952
1175   69.285
1176   69.2845
1177   69.2859
1178   69.251
1179   69.241
1180   69.2807
1181   69.247
1182   69.2466
1183   69.2638
1184   69.2804
1185   69.2381
1186   69.263
1187   69.2425
1188   69.2372
1189   69.2417
1190   69.2549
1191   69.2404
1192   69.2371
1193   69.2358
1194   69.2385
1195   69.2536
1196   69.249
1197   69.2253
1198   69.24
1199   69.2255
1200   69.2496
1201   69.2576
1202   69.2339
1203   69.2495
1204   69.3289
1205   69.3169
1206   69.2878
1207   69.3172
1208   69.3253
1209   69.2845
1210   69.271
1211   69.2634
1212   69.2555
1213   69.2601
1214   69.2744
1215   69.2484
1216   69.2529
1217   69.2881
1218   69.2443
1219   69.2263
1220   69.2361
1221   69.2319
1222   69.2315
1223   69.2427
1224   69.2534
1225   69.2508
1226   69.2253
1227   69.2256
1228   69.2302
1229   69.2429
1230   69.2436
1231   69.294
1232   69.2811
1233   69.2619
1234   69.2764
1235   69.2779
1236   69.2531
1237   69.2493
1238   69.2316
1239   69.231
1240   69.2287
1241   69.2367
1242   69.2712
1243   69.2591
1244   69.2648
1245   69.2605
1246   69.2367
1247   69.2351
1248   69.2341
1249   69.2531
1250   69.2345
1251   69.2508
1252   69.2392
1253   69.2503
1254   69.236
1255   69.2273
1256   69.2253
1257   69.2253
1258   69.2309
1259   69.2253
1260   69.2295
1261   69.2758
1262   69.2431
1263   69.3364
1264   69.253
1265   69.2383
1266   69.2481
1267   69.2484
1268   69.2798
1269   69.2746
1270   69.2529
1271   69.2289
1272   69.2458
1273   69.2253
1274   69.2418
1275   69.235
1276   69.2401
1277   69.2497
1278   69.2447
1279   69.2256
1280   69.236
1281   69.2361
1282   69.249
1283   69.2553
1284   69.2301
1285   69.2369
1286   69.2652
1287   69.2693
1288   69.2322
1289   69.2678
1290   69.3545
1291   69.409
1292   69.3302
1293   69.3088
1294   69.2884
1295   69.276
1296   69.2762
1297   69.2457
1298   69.2332
1299   69.2431
1300   69.2308
1301   69.2294
1302   69.2572
1303   69.2679
1304   69.2399
1305   69.2324
1306   69.2354
1307   69.2359
1308   69.2341
1309   69.2386
1310   69.2258
1311   69.2411
1312   69.2422
1313   69.2613
1314   69.2556
1315   69.2866
1316   69.3022
1317   69.3073
1318   69.2908
1319   69.3038
1320   69.2871
1321   69.2696
1322   69.2395
1323   69.2253
1324   69.2527
1325   69.2253
1326   69.2397
1327   69.2359
1328   69.2336
1329   69.2465
1330   69.2505
1331   69.2436
1332   69.2402
1333   69.2339
1334   69.2553
1335   69.2426
1336   69.2261
1337   69.2423
1338   69.2327
1339   69.2323
1340   69.2269
1341   69.2593
1342   69.239
1343   69.2413
1344   69.2569
1345   69.2514
1346   69.25
1347   69.2969
1348   69.2508
1349   69.25
1350   69.2443
1351   69.2365
1352   69.2736
1353   69.2313
1354   69.2253
1355   69.2253
1356   69.2353
1357   69.2253
1358   69.237
1359   69.2379
1360   69.2432
1361   69.2255
1362   69.2266
1363   69.226
1364   69.2277
1365   69.2288
1366   69.2343
1367   69.2495
1368   69.2637
1369   69.3302
1370   69.2688
1371   69.2473
1372   69.2511
1373   69.3095
1374   69.2599
1375   69.2298
1376   69.2444
1377   69.2603
1378   69.2612
1379   69.2424
1380   69.2732
1381   69.2523
1382   69.2613
1383   69.3014
1384   69.2835
1385   69.2746
1386   69.2731
1387   69.2682
1388   69.2823
1389   69.2359
1390   69.2348
1391   69.2858
1392   69.2991
1393   69.245
1394   69.2311
1395   69.2488
1396   69.2317
1397   69.2824
1398   69.2384
1399   69.2666
1400   69.274
1401   69.2335
1402   69.2266
1403   69.2253
1404   69.2498
1405   69.2649
1406   69.281
1407   69.2876
1408   69.2674
1409   69.2573
1410   69.2698
1411   69.238
1412   69.2605
1413   69.2464
1414   69.286
1415   69.2621
1416   69.2525
1417   69.2643
1418   69.327
1419   69.2592
1420   69.2618
1421   69.3088
1422   69.2775
1423   69.2276
1424   69.2469
1425   69.2672
1426   69.2697
1427   69.2522
1428   69.2631
1429   69.2756
1430   69.2308
1431   69.254
1432   69.2599
1433   69.2872
1434   69.2566
1435   69.3621
1436   69.2645
1437   69.2867
1438   69.2992
1439   69.2409
1440   69.2404
1441   69.3046
1442   69.271
1443   69.2367
1444   69.2438
1445   69.2394
1446   69.2253
1447   69.2256
1448   69.2375
1449   69.2359
1450   69.2666
1451   69.2479
1452   69.2828
1453   69.2282
1454   69.2365
1455   69.2253
1456   69.2324
1457   69.2584
1458   69.2398
1459   69.2762
1460   69.2684
1461   69.2507
1462   69.2532
1463   69.24
1464   69.2323
1465   69.2349
1466   69.2253
1467   69.2434
1468   69.2653
1469   69.2679
1470   69.2799
1471   69.257
1472   69.2323
1473   69.2255
1474   69.2336
1475   69.241
1476   69.2483
1477   69.2607
1478   69.2685
1479   69.2401
1480   69.2418
1481   69.2496
1482   69.2708
1483   69.2582
1484   69.2377
1485   69.2257
1486   69.2253
1487   69.2253
1488   69.2383
1489   69.2269
1490   69.2319
1491   69.2458
1492   69.262
1493   69.2423
1494   69.2603
1495   69.2659
1496   69.2509
1497   69.2574
1498   69.2255
1499   69.2253
1500   69.2334
1501   69.2253
1502   69.2278
1503   69.2329
1504   69.2295
1505   69.2642
1506   69.2265
1507   69.2253
1508   69.2253
1509   69.2253
1510   69.2424
1511   69.2717
1512   69.2586
1513   69.2547
1514   69.2961
1515   69.2872
1516   69.3297
1517   69.34
1518   69.2865
1519   69.2934
1520   69.3433
1521   69.2253
1522   69.2253
1523   69.2284
1524   69.2426
1525   69.2611
1526   69.2253
1527   69.2313
1528   69.263
1529   69.2516
1530   69.2421
1531   69.24
1532   69.2464
1533   69.2475
1534   69.2266
1535   69.2256
1536   69.2259
1537   69.2258
1538   69.2538
1539   69.2305
1540   69.2497
1541   69.2398
1542   69.2253
1543   69.2308
1544   69.256
1545   69.2446
1546   69.2705
1547   69.2557
1548   69.2253
1549   69.2261
1550   69.2272
1551   69.2302
1552   69.2527
1553   69.2489
1554   69.2253
1555   69.2253
1556   69.2303
1557   69.2433
1558   69.2508
1559   69.2308
1560   69.2546
1561   69.2417
1562   69.2697
1563   69.2447
1564   69.2632
1565   69.2953
1566   69.3028
1567   69.272
1568   69.2566
1569   69.2809
1570   69.271
1571   69.2882
1572   69.2525
1573   69.2336
1574   69.2913
1575   69.2797
1576   69.2872
1577   69.3291
1578   69.2964
1579   69.2394
1580   69.2253
1581   69.234
1582   69.2286
1583   69.2327
1584   69.2352
1585   69.2404
1586   69.2536
1587   69.2842
1588   69.2624
1589   69.2489
1590   69.2298
1591   69.2253
1592   69.2295
1593   69.2433
1594   69.2667
1595   69.235
1596   69.2362
1597   69.237
1598   69.2936
1599   69.2771
1600   69.3184
1601   69.2578
1602   69.2752
1603   69.2815
1604   69.3134
1605   69.2488
1606   69.2548
1607   69.3726
1608   69.3966
1609   69.6827
1610   69.7695
1611   69.9939
1612   70.191
1613   70.4346
1614   70.3621
1615   69.9002
1616   69.6689
1617   68.5514
1618   67.69
1619   66.8724
1620   66.143
1621   65.6547
1622   65.3731
1623   65.1724
1624   65.0724
1625   64.9317
1626   64.9559
1627   64.8946
1628   64.851
1629   64.9205
1630   64.8833
1631   64.9447
1632   64.9292
1633   64.9274
1634   64.8797
1635   64.9108
1636   64.8799
1637   64.8939
1638   64.8764
1639   64.8432
1640   64.8577
1641   64.8586
1642   64.877
1643   64.8499
1644   64.8574
1645   64.8812
1646   64.8634
1647   64.8432
1648   64.8342
1649   64.8342
1650   64.8342
1651   64.8364
1652   64.8342
1653   64.8422
1654   64.8678
1655   64.8732
1656   64.8768
1657   64.8603
1658   64.8656
1659   64.8511
1660   64.8704
1661   64.851
1662   64.8646
1663   64.9071
1664   64.9044
1665   64.864
1666   64.8634
1667   64.8645
1668   64.8533
1669   64.8439
1670   64.835
1671   64.8404
1672   64.8348
1673   64.8342
1674   64.9435
1675   64.8642
1676   64.8492
1677   64.8573
1678   64.8579
1679   64.8599
1680   64.8507
1681   64.8352
1682   64.8342
1683   64.849
1684   64.8345
1685   64.8477
1686   64.8695
1687   64.8443
1688   64.837
1689   64.8511
1690   64.8642
1691   64.8342
1692   64.8342
1693   64.8397
1694   64.8946
1695   64.9105
1696   64.8747
1697   64.8887
1698   64.8983
1699   64.9144
1700   64.9323
1701   64.8579
1702   64.8409
1703   64.8343
1704   64.8572
1705   64.9102
1706   64.8598
1707   64.8359
1708   64.8433
1709   64.8362
1710   64.8342
1711   64.8364
1712   64.8881
1713   64.9077
1714   64.9241
1715   64.8707
1716   64.8592
1717   64.8375
1718   64.8342
1719   64.8431
1720   64.8345
1721   64.8363
1722   64.8342
1723   64.8396
1724   64.8445
1725   64.8342
1726   64.8506
1727   64.8416
1728   64.8602
1729   64.8343
1730   64.8443
1731   64.8343
1732   64.8342
1733   64.8342
1734   64.8342
1735   64.8381
1736   64.8443
1737   64.8543
1738   64.8415
1739   64.8345
1740   64.8515
1741   64.8423
1742   64.8372
1743   64.8342
1744   64.8342
1745   64.8486
1746   64.9369
1747   64.8642
1748   64.8581
1749   64.8984
1750   64.9153
1751   64.9313
1752   64.8945
1753   64.899
1754   64.9126
1755   64.9101
1756   64.9113
1757   64.9019
1758   64.8715
1759   64.9141
1760   64.8827
1761   64.8505
1762   64.8449
1763   64.8404
1764   64.8372
1765   64.8677
1766   64.9338
1767   64.8723
1768   64.8666
1769   64.866
1770   64.8378
1771   64.8342
1772   64.8345
1773   64.8342
1774   64.8446
1775   64.8718
1776   64.8574
1777   64.8582
1778   64.8344
1779   64.843
1780   64.8404
1781   64.8342
1782   64.8525
1783   64.8965
1784   64.8342
1785   64.8403
1786   64.8418
1787   64.8358
1788   64.8342
1789   64.8506
1790   64.8515
1791   64.8616
1792   64.8542
1793   64.8416
1794   64.859
1795   64.8727
1796   64.8891
1797   64.9622
1798   64.8982
1799   64.8877
1800   64.881
1801   64.8923
1802   64.8556
1803   64.8555
1804   64.8712
1805   64.9265
1806   64.8843
1807   64.8433
1808   64.8674
1809   64.869
1810   64.8416
1811   64.8626
1812   64.8596
1813   64.9139
1814   64.8701
1815   64.837
1816   64.8628
1817   64.8544
1818   64.8488
1819   64.8592
1820   64.8609
1821   64.8643
1822   64.891
1823   64.8379
1824   64.8386
1825   64.8351
1826   64.8342
1827   64.8342
1828   64.8634
1829   64.8656
1830   64.8429
1831   64.8438
1832   64.8691
1833   64.8417
1834   64.8501
1835   64.8624
1836   64.8539
1837   64.8499
1838   64.8792
1839   64.848
1840   64.8536
1841   64.8388
1842   64.835
1843   64.8347
1844   64.8388
1845   64.8435
1846   64.8389
1847   64.8659
1848   64.8622
1849   64.8669
1850   64.8593
1851   64.8432
1852   64.8597
1853   64.966
1854   64.878
1855   64.8832
1856   64.8467
1857   64.848
1858   64.8365
1859   64.8442
1860   64.8723
1861   64.8591
1862   64.8449
1863   64.8396
1864   64.8342
1865   64.8353
1866   64.8669
1867   64.8485
1868   64.8589
1869   64.8701
1870   64.8463
1871   64.8398
1872   64.8374
1873   64.8512
1874   64.8838
1875   64.903
1876   64.8799
1877   64.8621
1878   64.8776
1879   64.8998
1880   64.8502
1881   64.8609
1882   64.8476
1883   64.8793
1884   64.8737
1885   64.8843
1886   64.8636
1887   64.8628
1888   64.8343
1889   64.8547
1890   64.8479
1891   64.8357
1892   64.859
1893   64.8342
1894   64.8342
1895   64.8345
1896   64.8396
1897   64.843
1898   64.8387
1899   64.8395
1900   64.8348
1901   64.8407
1902   64.8425
1903   64.8379
1904   64.8907
1905   64.8735
1906   64.8537
1907   64.8713
1908   64.8437
1909   64.8512
1910   64.8498
1911   64.8573
1912   64.8474
1913   64.8412
1914   64.8432
1915   64.8352
1916   64.8356
1917   64.8601
1918   64.8536
1919   64.8537
1920   64.8646
1921   64.8364
1922   64.8628
1923   64.8947
1924   64.8516
1925   64.8342
1926   64.8342
1927   64.8342
1928   64.8429
1929   64.8591
1930   64.8439
1931   64.8354
1932   64.8648
1933   64.8696
1934   64.8449
1935   64.848
1936   64.9062
1937   64.8391
1938   64.8342
1939   64.8423
1940   64.8669
1941   64.8774
1942   64.8378
1943   64.8394
1944   64.849
1945   64.8445
1946   64.8483
1947   64.885
1948   64.86
1949   64.8343
1950   64.8582
1951   64.8538
1952   64.8372
1953   64.8351
1954   64.8669
1955   64.8693
1956   64.8598
1957   64.8624
1958   64.8592
1959   64.838
1960   64.8566
1961   64.8386
1962   64.8342
1963   64.8342
1964   64.8342
1965   64.8342
1966   64.8342
1967   64.8616
1968   64.8472
1969   64.841
1970   64.9159
1971   64.8686
1972   64.8412
1973   64.8459
1974   64.854
1975   64.8707
1976   64.8658
1977   64.8623
1978   64.86
1979   64.8613
1980   64.8859
1981   64.8485
1982   64.8367
1983   64.8342
1984   64.8362
1985   64.8416
1986   64.8647
1987   64.8504
1988   64.8529
1989   64.8462
1990   64.8477
1991   64.8361
1992   64.8573
1993   64.8481
1994   64.8812
1995   64.8563
1996   64.8487
1997   64.8895
1998   64.8873
1999   64.8932
2000   64.8755
2001   64.8659
2002   64.857
2003   64.8488
2004   64.8342
2005   64.8359
2006   64.8419
2007   64.8495
2008   64.8964
2009   64.8604
2010   64.8611
2011   64.8342
2012   64.8519
2013   64.8547
2014   64.8342
2015   64.8342
2016   64.9112
2017   64.8668
2018   64.8551
2019   64.9107
2020   64.9193
2021   64.8851
2022   64.8544
2023   64.8473
2024   64.8508
2025   64.8758
2026   64.9098
2027   64.9101
2028   64.8868
2029   64.9596
2030   64.8816
2031   64.8639
2032   64.8555
2033   64.8652
2034   64.8583
2035   64.8842
2036   64.8758
2037   64.8661
2038   64.8907
2039   64.871
2040   64.863
2041   64.9048
2042   64.8704
2043   64.846
2044   64.8546
2045   64.8546
2046   64.9117
2047   64.8647
2048   64.9493
2049   64.8775
2050   64.8679
2051   64.8846
2052   64.878
2053   64.8902
2054   64.8926
2055   64.9046
2056   64.8578
2057   64.8342
2058   64.8393
2059   64.8834
2060   64.8805
2061   64.8402
2062   64.8481
2063   64.8448
2064   64.8701
2065   64.8387
2066   64.8439
2067   64.8342
2068   64.84
2069   64.8531
2070   64.8403
2071   64.8373
2072   64.8481
2073   64.8378
2074   64.8343
2075   64.8407
2076   64.8342
2077   64.8342
2078   64.8342
2079   64.8485
2080   64.8344
2081   64.8368
2082   64.8722
2083   64.8386
2084   64.8385
2085   64.842
2086   64.8357
2087   64.8373
2088   64.8429
2089   64.857
2090   64.8591
2091   64.8369
2092   64.8701
2093   64.8686
2094   64.9157
2095   64.8848
2096   64.845
2097   64.8399
2098   64.8526
2099   64.8342
2100   64.8406
2101   64.8358
2102   64.8517
2103   64.8503
2104   64.852
2105   64.8398
2106   64.8366
2107   64.8494
2108   64.8393
2109   64.8495
2110   64.8724
2111   64.8478
2112   64.8365
2113   64.8463
2114   64.8537
2115   64.8451
2116   64.8469
2117   64.8508
2118   64.8569
2119   64.8456
2120   64.9053
2121   64.8446
2122   64.8638
2123   64.8702
2124   64.8682
2125   64.89
2126   64.8433
2127   64.8345
2128   64.849
2129   64.8342
2130   64.8565
2131   64.8598
2132   64.8931
2133   64.8573
2134   64.8628
2135   64.8519
2136   64.8635
2137   64.882
2138   64.8443
2139   64.8528
2140   64.8499
2141   64.839
2142   64.8342
2143   64.8342
2144   64.8417
2145   64.8424
2146   64.8359
2147   64.8367
2148   64.8372
2149   64.8342
2150   64.837
2151   64.8342
2152   64.8435
2153   64.8474
2154   64.848
2155   64.8515
2156   64.8478
2157   64.8693
2158   64.8436
2159   64.8549
2160   64.8351
2161   64.8473
2162   64.8345
2163   64.8358
2164   64.848
2165   64.8381
2166   64.8544
2167   64.8521
2168   64.8505
2169   64.8412
2170   64.8399
2171   64.8953
2172   64.8555
2173   64.8504
2174   64.8455
2175   64.8581
2176   64.851
2177   64.8399
2178   64.8678
2179   64.8496
2180   64.8682
2181   64.8749
2182   64.8626
2183   64.8345
2184   64.8438
2185   64.8458
2186   64.9382
2187   64.8999
2188   64.8763
2189   64.8452
2190   64.8626
2191   64.8375
2192   64.8402
2193   64.8379
2194   64.8425
2195   64.8422
2196   64.8832
2197   64.8896
2198   64.8872
2199   64.9203
2200   64.888
2201   64.8598
2202   64.8342
2203   64.8474
2204   64.8385
2205   64.8342
2206   64.8534
2207   64.8491
2208   64.8342
2209   64.8342
2210   64.8519
2211   64.8387
2212   64.8362
2213   64.851
2214   64.8468
2215   64.8447
2216   64.8582
2217   64.8403
2218   64.8738
2219   64.8347
2220   64.8412
2221   64.8342
2222   64.8361
2223   64.8517
2224   64.8648
2225   64.8342
2226   64.8468
2227   64.8342
2228   64.8362
2229   64.8342
2230   64.8357
2231   64.8523
2232   64.8704
2233   64.8455
2234   64.8464
2235   64.8415
2236   64.8445
2237   64.853
2238   64.8346
2239   64.8617
2240   64.8565
2241   64.8982
2242   64.9013
2243   64.8618
2244   64.8694
2245   64.8677
2246   64.8856
2247   64.9014
2248   64.8874
2249   64.9105
2250   64.8893
2251   64.8596
2252   64.8833
2253   64.8976
2254   64.9257
2255   64.8861
2256   64.9228
2257   64.9068
2258   64.8698
2259   64.8403
2260   64.8709
2261   64.8723
2262   64.8463
2263   64.8617
2264   64.8534
2265   64.8755
2266   64.8825
2267   64.8554
2268   64.844
2269   64.8434
2270   64.8675
2271   64.8907
2272   64.8864
2273   64.8368
2274   64.8622
2275   64.8624
2276   64.8509
2277   64.8542
2278   64.8384
2279   64.8342
2280   64.8344
2281   64.8471
2282   64.8666
2283   64.8804
2284   64.8655
2285   64.8532
2286   64.8395
2287   64.8363
2288   64.8387
2289   64.8342
2290   64.8481
2291   64.857
2292   64.8453
2293   64.842
2294   64.8436
2295   64.8584
2296   64.861
2297   64.868
2298   64.8455
2299   64.8787
2300   64.8976
2301   64.9002
2302   64.8523
2303   64.8725
2304   64.8846
2305   64.8792
2306   64.9158
2307   64.8758
2308   64.8824
2309   64.8739
2310   64.8711
2311   64.8651
2312   64.8589
2313   64.8443
2314   64.8458
2315   64.8342
2316   64.8342
2317   64.8534
2318   64.8522
2319   64.8566
2320   64.8742
2321   64.8924
2322   64.8733
2323   64.8459
2324   64.8342
2325   64.8388
2326   64.8528
2327   64.8629
2328   64.8475
2329   64.8396
2330   64.8403
2331   64.8578
2332   64.8782
2333   64.869
2334   64.8686
2335   64.8694
2336   64.8965
2337   64.9043
2338   64.8693
2339   64.8399
2340   64.8342
2341   64.8381
2342   64.8459
2343   64.8584
2344   64.8509
2345   64.835
2346   64.8392
2347   64.8401
2348   64.8342
2349   64.8354
2350   64.8396
2351   64.8342
2352   64.8516
2353   64.8696
2354   64.8832
2355   64.8881
2356   64.8681
2357   64.8644
2358   64.8448
2359   64.8342
2360   64.8342
2361   64.8539
2362   64.8465
2363   64.8523
2364   64.8407
2365   64.8731
2366   64.9334
2367   64.9356
2368   64.8928
2369   64.8711
2370   64.8612
2371   64.8446
2372   64.8627
2373   64.8536
2374   64.8375
2375   64.8342
2376   64.8417
2377   64.8564
2378   64.853
2379   64.8685
2380   64.8822
2381   64.9087
2382   64.8535
2383   64.8572
2384   64.856
2385   64.908
2386   64.8829
2387   64.9051
2388   64.8898
2389   64.8498
2390   64.8359
2391   64.8372
2392   64.8438
2393   64.8523
2394   64.8522
2395   64.8392
2396   64.8394
2397   64.8537
2398   64.8356
2399   64.8342
2400   64.8342
2401   64.8342
2402   64.8342
2403   64.8342
2404   64.8528
2405   64.8868
2406   64.8696
2407   64.8501
2408   64.8543
2409   64.8536
2410   64.845
2411   64.8806
2412   64.8673
2413   64.8579
2414   64.8415
2415   64.8342
2416   64.8457
2417   64.8543
2418   64.8648
2419   64.8436
2420   64.8522
2421   64.8448
2422   64.8387
2423   64.9122
2424   64.8812
2425   64.8657
2426   64.86
2427   64.8559
2428   64.8342
2429   64.8515
2430   64.8342
2431   64.8342
2432   64.8342
2433   64.8371
2434   64.8588
2435   64.8461
2436   64.8342
2437   64.8371
2438   64.9076
2439   64.8534
2440   64.8449
2441   64.8502
2442   64.8425
2443   64.8537
2444   64.8534
2445   64.8927
2446   64.8618
2447   64.8435
2448   64.848
2449   64.8634
2450   64.8552
2451   64.8754
2452   64.8554
2453   64.8816
2454   64.8463
2455   64.8427
2456   64.8426
2457   64.8384
2458   64.8492
2459   64.8354
2460   64.8458
2461   64.8715
2462   64.8696
2463   64.8481
2464   64.8342
2465   64.8342
2466   64.876
2467   64.8891
2468   64.8878
2469   64.8895
2470   64.8738
2471   64.8693
2472   64.8836
2473   64.8726
2474   64.872
2475   64.9069
2476   64.8709
2477   64.8403
2478   64.8601
2479   64.8643
2480   64.8504
2481   64.8427
2482   64.8459
2483   64.8453
2484   64.8394
2485   64.8391
2486   64.8363
2487   64.8436
2488   64.8493
2489   64.8619
2490   64.8393
2491   64.8342
2492   64.8342
2493   64.8342
2494   64.8342
2495   64.8342
2496   64.8356
2497   64.8474
2498   64.871
2499   64.85
