# DISTANCE:          AVE_GOFR:               ERROR:
        0.000000e+00        0.000000e+00        0.000000e+00        0.000000e+00
        6.463304e-02        0.000000e+00        0.000000e+00        0.000000e+00
        1.292661e-01        0.000000e+00        0.000000e+00        0.000000e+00
        1.938991e-01        0.000000e+00        0.000000e+00        0.000000e+00
        2.585322e-01        0.000000e+00        0.000000e+00        0.000000e+00
        3.231652e-01        0.000000e+00        0.000000e+00        0.000000e+00
        3.877982e-01        0.000000e+00        0.000000e+00        0.000000e+00
        4.524313e-01        0.000000e+00        0.000000e+00        0.000000e+00
        5.170643e-01        0.000000e+00        0.000000e+00        0.000000e+00
        5.816974e-01        0.000000e+00        0.000000e+00        0.000000e+00
        6.463304e-01        0.000000e+00        0.000000e+00        0.000000e+00
        7.109634e-01        0.000000e+00        0.000000e+00        0.000000e+00
        7.755965e-01        0.000000e+00        0.000000e+00        0.000000e+00
        8.402295e-01        1.796047e-03        1.167431e-03        8.170426e-05
        9.048626e-01        1.538789e-01        1.521014e-01        1.502399e-03
        9.694956e-01        1.068055e+00        1.060981e+00        5.442447e-03
        1.034129e+00        2.009368e+00        1.996562e+00        7.956150e-03
        1.098762e+00        2.231064e+00        2.219456e+00        1.007063e-02
        1.163395e+00        2.044434e+00        2.058249e+00        8.114691e-03
        1.228028e+00        1.810751e+00        1.808785e+00        6.504128e-03
        1.292661e+00        1.624282e+00        1.594780e+00        7.284587e-03
        1.357294e+00        1.468344e+00        1.443240e+00        5.077802e-03
        1.421927e+00        1.353251e+00        1.318821e+00        4.557933e-03
        1.486560e+00        1.228097e+00        1.232460e+00        3.214523e-03
        1.551193e+00        1.180453e+00        1.179294e+00        2.943915e-03
        1.615826e+00        1.140135e+00        1.136769e+00        2.489103e-03
        1.680459e+00        1.132966e+00        1.109404e+00        3.041153e-03
        1.745092e+00        1.074808e+00        1.089341e+00        2.388368e-03
        1.809725e+00        1.096928e+00        1.073721e+00        3.441214e-03
        1.874358e+00        1.053553e+00        1.062154e+00        1.673035e-03
        1.938991e+00        1.041633e+00        1.056215e+00        2.539426e-03
        2.003624e+00        1.060485e+00        1.055095e+00        2.291170e-03
        2.068257e+00        1.047231e+00        1.051114e+00        2.322182e-03
        2.132890e+00        1.056454e+00        1.050151e+00        2.719676e-03
        2.197523e+00        1.043238e+00        1.047615e+00        2.485830e-03
        2.262156e+00        1.029468e+00        1.035336e+00        1.934411e-03
        2.326789e+00        1.039503e+00        1.036574e+00        1.678853e-03
        2.391423e+00        1.017910e+00        1.025969e+00        2.358916e-03
        2.456056e+00        1.023713e+00        1.022787e+00        2.264812e-03
        2.520689e+00        1.027457e+00        1.018881e+00        2.378442e-03
        2.585322e+00        1.016211e+00        1.014527e+00        1.628849e-03
        2.649955e+00        1.012384e+00        1.009772e+00        1.831918e-03
        2.714588e+00        1.002048e+00        1.010975e+00        1.541192e-03
        2.779221e+00        1.005743e+00        1.004797e+00        1.360975e-03
        2.843854e+00        9.980099e-01        1.000959e+00        2.059354e-03
        2.908487e+00        1.001129e+00        1.001592e+00        1.721328e-03
        2.973120e+00        1.003312e+00        1.000194e+00        1.763661e-03
        3.037753e+00        1.004596e+00        9.984103e-01        1.580378e-03
        3.102386e+00        9.910460e-01        9.967886e-01        1.438756e-03
        3.167019e+00        9.974509e-01        9.955175e-01        1.114154e-03
        3.231652e+00        9.876384e-01        9.944964e-01        1.181905e-03
        3.296285e+00        9.979744e-01        9.934071e-01        1.132435e-03
        3.360918e+00        9.962199e-01        9.966664e-01        1.517904e-03
        3.425551e+00        9.948133e-01        9.925765e-01        1.421402e-03
        3.490184e+00        9.875278e-01        9.935070e-01        1.195209e-03
        3.554817e+00        9.992708e-01        9.916526e-01        1.484172e-03
        3.619450e+00        9.882339e-01        9.931715e-01        1.333979e-03
        3.684083e+00        9.844353e-01        9.923731e-01        1.485368e-03
        3.748716e+00        9.877327e-01        9.892605e-01        1.240881e-03
        3.813349e+00        9.883271e-01        9.885984e-01        1.150134e-03
        3.877982e+00        9.976622e-01        9.896810e-01        1.383639e-03
        3.942615e+00        9.941553e-01        9.879221e-01        9.211765e-04
        4.007249e+00        9.856795e-01        9.896364e-01        1.246496e-03
        4.071882e+00        9.903021e-01        9.890473e-01        9.728880e-04
        4.136515e+00        9.867672e-01        9.884885e-01        8.230399e-04
        4.201148e+00        9.900709e-01        9.875997e-01        8.805218e-04
        4.265781e+00        9.853876e-01        9.876234e-01        1.205341e-03
        4.330414e+00        9.887268e-01        9.891156e-01        9.152105e-04
        4.395047e+00        9.881375e-01        9.874087e-01        1.064696e-03
        4.459680e+00        9.852628e-01        9.879848e-01        9.456618e-04
        4.524313e+00        9.944952e-01        9.878335e-01        9.678328e-04
        4.588946e+00        9.882137e-01        9.848721e-01        8.840324e-04
        4.653579e+00        9.886577e-01        9.867648e-01        8.871721e-04
        4.718212e+00        9.894090e-01        9.889614e-01        1.013610e-03
        4.782845e+00        9.855355e-01        9.869688e-01        8.708804e-04
        4.847478e+00        9.797953e-01        9.871076e-01        9.828181e-04
        4.912111e+00        9.836970e-01        9.867900e-01        1.140480e-03
        4.976744e+00        9.889988e-01        9.860446e-01        8.948782e-04
        5.041377e+00        9.913481e-01        9.885825e-01        7.007363e-04
        5.106010e+00        9.862117e-01        9.854181e-01        7.113291e-04
        5.170643e+00        9.877524e-01        9.864630e-01        9.532389e-04
        5.235276e+00        9.876557e-01        9.876808e-01        1.123644e-03
        5.299909e+00        9.884040e-01        9.875244e-01        9.314925e-04
        5.364542e+00        9.853656e-01        9.874271e-01        8.632987e-04
        5.429175e+00        9.880332e-01        9.851075e-01        7.513108e-04
        5.493808e+00        9.872461e-01        9.863184e-01        7.259559e-04
        5.558442e+00        9.821243e-01        9.871385e-01        8.174471e-04
        5.623075e+00        9.890605e-01        9.871710e-01        6.744131e-04
        5.687708e+00        9.833299e-01        9.857302e-01        6.977296e-04
        5.752341e+00        9.895446e-01        9.863159e-01        7.361528e-04
        5.816974e+00        9.930802e-01        9.855473e-01        8.350101e-04
        5.881607e+00        9.882660e-01        9.866121e-01        7.109515e-04
        5.946240e+00        9.898948e-01        9.865003e-01        7.415784e-04
        6.010873e+00        9.788481e-01        9.840543e-01        8.246817e-04
        6.075506e+00        9.847482e-01        9.870593e-01        7.033761e-04
        6.140139e+00        9.840537e-01        9.862578e-01        6.121409e-04
        6.204772e+00        9.882345e-01        9.868604e-01        6.188702e-04
        6.269405e+00        9.890176e-01        9.865063e-01        7.150640e-04
        6.334038e+00        9.855375e-01        9.857997e-01        5.391682e-04
        6.398671e+00        9.833310e-01        9.873894e-01        5.866845e-04
