Epoch accuracy Validation_accuracy Loss Validation_Loss
1  0.9187666773796082  0.9653000235557556  0.27922868728637695  0.11023449897766113
2  0.9646666646003723  0.9714999794960022  0.1241760402917862  0.09206308424472809
3  0.9739833474159241  0.9750999808311462  0.0891488790512085  0.0820089653134346
4  0.9799333214759827  0.9757000207901001  0.06915033608675003  0.0838514044880867
5  0.9832166433334351  0.9782999753952026  0.057027824223041534  0.07933903485536575
6  0.9850833415985107  0.9789000153541565  0.046421438455581665  0.085600845515728
7  0.9878333210945129  0.9797000288963318  0.03865301236510277  0.07750196009874344
8  0.9887833595275879  0.9800000190734863  0.0352759063243866  0.08451906591653824
9  0.9890999794006348  0.9789000153541565  0.034432921558618546  0.08774424344301224
10  0.9906666874885559  0.9810000061988831  0.029953155666589737  0.09008221328258514
11  0.991433322429657  0.9804999828338623  0.02825263701379299  0.08913812786340714
12  0.9930833578109741  0.9833999872207642  0.022620247676968575  0.09346884489059448
13  0.9927833080291748  0.9807000160217285  0.023222416639328003  0.10332739353179932
14  0.9929999709129333  0.9804999828338623  0.023644274100661278  0.10357298702001572
15  0.9934333562850952  0.9818999767303467  0.021431738510727882  0.09290185570716858
16  0.9943666458129883  0.9797999858856201  0.018539048731327057  0.11642005294561386
17  0.9947666525840759  0.9818000197410583  0.018599925562739372  0.11007411777973175
18  0.9942333102226257  0.983299970626831  0.018846986815333366  0.11217257380485535
19  0.9949166774749756  0.9811999797821045  0.016946326941251755  0.11527391523122787
20  0.9952333569526672  0.9817000031471252  0.015390850603580475  0.12258356809616089
21  0.9951500296592712  0.9799000024795532  0.016044018790125847  0.1178622767329216
22  0.9959666728973389  0.9815999865531921  0.013805803842842579  0.13107922673225403
23  0.9955499768257141  0.9828000068664551  0.015058418735861778  0.12156809121370316
24  0.9955000281333923  0.98089998960495  0.014786557294428349  0.13142216205596924
25  0.9958333373069763  0.9815000295639038  0.01491323858499527  0.13916093111038208
26  0.9957666397094727  0.9796000123023987  0.015974944457411766  0.15405027568340302
27  0.9959999918937683  0.9779999852180481  0.014499817043542862  0.16480281949043274
28  0.9960333108901978  0.9828000068664551  0.015909451991319656  0.12252673506736755
29  0.9966833591461182  0.9821000099182129  0.01213434711098671  0.12775573134422302
30  0.996066689491272  0.9825999736785889  0.015122544020414352  0.13688737154006958
31  0.996399998664856  0.9805999994277954  0.012883401475846767  0.159747913479805
32  0.996399998664856  0.9835000038146973  0.013154786080121994  0.13422289490699768
33  0.9963499903678894  0.9789999723434448  0.013628579676151276  0.1882110983133316
34  0.9964666962623596  0.9821000099182129  0.012895982712507248  0.16075417399406433
35  0.996749997138977  0.9828000068664551  0.01144442055374384  0.15962113440036774
36  0.9964333176612854  0.9829999804496765  0.014675897546112537  0.16921865940093994
37  0.9970166683197021  0.9817000031471252  0.011198094114661217  0.17056313157081604
38  0.996566653251648  0.9815999865531921  0.013539781793951988  0.1605537235736847
39  0.9969333410263062  0.9836999773979187  0.011659009382128716  0.1527973711490631
40  0.9971333146095276  0.9836000204086304  0.011555700562894344  0.17823530733585358
41  0.9975333213806152  0.9810000061988831  0.010287562385201454  0.1960979700088501
42  0.996649980545044  0.9842000007629395  0.013399330899119377  0.17561522126197815
43  0.9973833560943604  0.9804999828338623  0.010356130078434944  0.2069956511259079
44  0.9968166947364807  0.9829000234603882  0.011738913133740425  0.19173327088356018
45  0.9973666667938232  0.9804999828338623  0.010040302760899067  0.18839022517204285
46  0.9973000288009644  0.9821000099182129  0.011519780382514  0.18779508769512177
47  0.9976500272750854  0.9843999743461609  0.009335681796073914  0.1940547674894333
48  0.9971333146095276  0.9818999767303467  0.010454408824443817  0.19641463458538055
49  0.9974666833877563  0.9836000204086304  0.010004525072872639  0.18683107197284698
50  0.9969666600227356  0.9837999939918518  0.012141183018684387  0.17705070972442627
51  0.9978333115577698  0.9818000197410583  0.008202450349926949  0.2043822556734085
52  0.9979333281517029  0.9836000204086304  0.008080373518168926  0.20039671659469604
53  0.9976999759674072  0.9821000099182129  0.00997129175812006  0.20733733475208282
54  0.9977499842643738  0.9825999736785889  0.008848237805068493  0.2260260432958603
55  0.9970999956130981  0.9836999773979187  0.014451384544372559  0.18515978753566742
56  0.9978166818618774  0.9822999835014343  0.008709418587386608  0.20701958239078522
57  0.998033344745636  0.982200026512146  0.008923591114580631  0.22534799575805664
58  0.9972333312034607  0.982699990272522  0.012010063044726849  0.2014264613389969
59  0.997866690158844  0.9828000068664551  0.010376155376434326  0.20596174895763397
60  0.998449981212616  0.9825999736785889  0.006973883602768183  0.22907745838165283
61  0.997783362865448  0.982699990272522  0.010945349931716919  0.21521592140197754
62  0.9976833462715149  0.9815000295639038  0.009025472216308117  0.23109972476959229
63  0.9976999759674072  0.983299970626831  0.010276992805302143  0.23535314202308655
64  0.9979666471481323  0.9818999767303467  0.008090181276202202  0.27661028504371643
65  0.9979166388511658  0.9825999736785889  0.009624411351978779  0.2440456748008728
66  0.997783362865448  0.9828000068664551  0.009638737887144089  0.22459469735622406
67  0.9979833364486694  0.9843000173568726  0.010554694570600986  0.21623295545578003
68  0.9982166886329651  0.9829000234603882  0.0073948996141552925  0.21150390803813934
69  0.9981666803359985  0.9822999835014343  0.007920698262751102  0.24920819699764252
70  0.9978166818618774  0.9812999963760376  0.00977913849055767  0.25455012917518616
71  0.9977333545684814  0.982699990272522  0.010655481368303299  0.269811749458313
72  0.998116672039032  0.9811000227928162  0.009421741589903831  0.2694666385650635
73  0.9980166554450989  0.9799000024795532  0.00969921424984932  0.2736775577068329
74  0.9979166388511658  0.98089998960495  0.010431056842207909  0.2725810408592224
75  0.9980833530426025  0.9819999933242798  0.009817826561629772  0.26755473017692566
76  0.9982333183288574  0.9843999743461609  0.007643385790288448  0.2571796774864197
77  0.9981833100318909  0.9822999835014343  0.007160688750445843  0.2607645094394684
78  0.998199999332428  0.9830999970436096  0.009221549145877361  0.2554067075252533
79  0.998199999332428  0.9829999804496765  0.008217551745474339  0.2706277370452881
80  0.9977499842643738  0.980400025844574  0.011993255466222763  0.2518391013145447
