           beta           mean          sigma           E           errE
             11       0.604781       0.596609      -0.315035     0.00176522
             12       0.606693       0.587364      -0.313412     0.00195059
             13        0.61532       0.582392      -0.322779     0.00180981
             14       0.612506        0.58484      -0.317042     0.00182413
             15       0.619906        0.59464      -0.332082     0.00205379
             16       0.622641       0.585359      -0.329267     0.00162092
             17       0.618972       0.586226      -0.325981     0.00154775
             18       0.615958       0.588266      -0.322953     0.00173206
             19       0.617125       0.588807      -0.324993      0.0017336
             20       0.622662        0.59061      -0.331577     0.00178327
             21       0.622309       0.586152      -0.330595     0.00162307
             22       0.622697       0.579941      -0.329202     0.00187848
             23       0.629128       0.580106      -0.336939      0.0015388
             24       0.619863       0.589454      -0.330347     0.00188748
             25       0.617398       0.585266      -0.328331     0.00172306
             26       0.617794       0.593958      -0.328166     0.00166232
             27       0.620282       0.586622      -0.327888     0.00174771
             28       0.617591       0.586018      -0.326705     0.00196301
             29       0.617479       0.594708      -0.330233     0.00180672
             30       0.607492       0.584731      -0.314205     0.00154051
             31       0.617071       0.591849      -0.326151     0.00174294
             33       0.621891       0.587068       -0.33203     0.00170075
             34       0.613911       0.596512       -0.32489     0.00162188
             36       0.612785       0.599127      -0.323988      0.0017376
             37       0.616052       0.592447      -0.326338      0.0017575
             38       0.614832       0.583296      -0.321357     0.00160724
             40       0.610933       0.584639      -0.313462      0.0018489
             41         0.6086       0.575857      -0.311442     0.00192624
             43       0.608401       0.575889      -0.308441     0.00171082
             44       0.600836        0.57481      -0.300953     0.00213748
             45       0.599755       0.580599      -0.300801      0.0016963
             46        0.59742       0.576642      -0.298296      0.0018925
             47       0.594194       0.572949      -0.291796     0.00197042
             48       0.593737       0.566119      -0.287365     0.00209076
             49       0.586994       0.574353      -0.278726     0.00213699
             50       0.591107       0.573029      -0.285529     0.00198617
             51       0.586243       0.566238      -0.278228     0.00204235
             54       0.583527       0.566975      -0.274553     0.00200118
             55       0.582729       0.576043      -0.275973     0.00218783
             57       0.583912       0.578337       -0.27897     0.00175404
             58       0.578669       0.576787      -0.273515     0.00203921
             59       0.584193       0.577749      -0.279266     0.00161383
             60       0.588483       0.580808      -0.286469     0.00190516
             62       0.589608       0.578996      -0.289106     0.00192691
             63       0.593421       0.570561      -0.292712     0.00208748
             65       0.590448       0.566114      -0.282811     0.00215027
             66       0.598372       0.570719       -0.29589     0.00193129
             67       0.597675       0.579671      -0.300591     0.00209908
             68       0.596363       0.578468      -0.295098      0.0020054
             69        0.58768       0.577176       -0.28738      0.0022072
             70       0.584489       0.587041       -0.28454      0.0020251
             71       0.577142       0.583191      -0.274946     0.00212094
             72       0.587079       0.576882      -0.284681     0.00192833
             74       0.583644        0.58052      -0.280186      0.0019512
             75       0.580715        0.58907       -0.28536     0.00196075
             76       0.576309       0.584107      -0.271473      0.0019006
             77       0.572407       0.588258       -0.27189     0.00182757
             78       0.581957       0.591881      -0.282596     0.00188355
             80       0.586794       0.590877      -0.289799     0.00185716
             81       0.587854       0.598508      -0.292802     0.00181947
             84       0.588908       0.600944      -0.299238     0.00186985
             85       0.590737       0.599896      -0.301917      0.0020382
             87       0.595371       0.600143      -0.305579     0.00191069
             90       0.597215       0.601325      -0.310483     0.00213583
             91       0.598523       0.602897      -0.311898     0.00181838
             92       0.604175       0.599287      -0.315384     0.00171167
             93       0.597016       0.597572      -0.306599     0.00218316
             94       0.602805       0.588894      -0.310548      0.0017851
             95       0.609924       0.583391      -0.315632     0.00177578
             96       0.604182        0.58201      -0.309206      0.0017361
             99       0.603651       0.580194      -0.306711       0.001911
            101       0.608298       0.582199      -0.312707     0.00195669
            102       0.610134       0.586285      -0.316512     0.00178793
            103       0.618613       0.595451      -0.328966     0.00162185
            105       0.620538       0.593647      -0.332907     0.00184272
            106       0.626247       0.598464      -0.342317     0.00163636
            107       0.635286       0.607526      -0.353676     0.00145266
            109       0.633901       0.610791      -0.350648      0.0017307
            110       0.625887       0.609664      -0.343225     0.00158845
            111       0.617123       0.614666      -0.333785     0.00162775
            112       0.621947       0.611051      -0.342854     0.00162529
            114       0.624252       0.612536       -0.34302     0.00165981
            116       0.627934        0.61726      -0.346666     0.00175021
            117       0.626731       0.619795      -0.347787     0.00174384
            118       0.628089       0.615047      -0.348303     0.00182643
            120       0.631934        0.61256      -0.349593     0.00164763
            121       0.634021       0.620688      -0.354592     0.00156168
            122        0.63951       0.615133      -0.360714     0.00157274
            123       0.640047       0.615948      -0.359488     0.00155047
            125       0.643408       0.618623      -0.366874     0.00159048
            126       0.638917       0.623158      -0.359879     0.00173095
            128       0.641017       0.627365      -0.361092     0.00156188
            129       0.648437       0.629882      -0.369645     0.00148301
            131       0.652143       0.632602      -0.373646     0.00142733
            133       0.650481       0.632391      -0.373071     0.00146206
            138       0.649424       0.632515      -0.372001     0.00141766
            139       0.659069       0.639614      -0.379906     0.00160075
            142       0.656719       0.640849      -0.377713      0.0014884
            143       0.659932       0.645729      -0.378951     0.00164593
            144       0.664752       0.641215      -0.382449      0.0014938
            146       0.662004         0.6417      -0.380987     0.00135829
            147       0.655166       0.638193      -0.373252     0.00145727
            148       0.647005       0.635115       -0.36921     0.00137626
            150        0.65131       0.630355      -0.370927      0.0013244
            151       0.650132       0.622129      -0.369347      0.0015167
            152       0.651448        0.61465      -0.370462     0.00130733
            153       0.652116       0.606238      -0.369522     0.00140958
            154       0.651027       0.608331      -0.366441     0.00136946
            155       0.659764       0.605597      -0.375462     0.00150253
            156       0.661509       0.606948      -0.375074      0.0013372
            157       0.662364       0.603131      -0.377353     0.00148383
            158       0.657378       0.601422      -0.375186     0.00146654
            160       0.654379        0.60474       -0.37298     0.00148834
            162       0.652688       0.606133        -0.3691     0.00146166
            163       0.655642       0.613952      -0.372865     0.00140236
            164       0.649596       0.609709      -0.368207     0.00151609
            165       0.656974       0.609871      -0.372185     0.00136831
            167       0.655013       0.607568      -0.374325     0.00140781
            168        0.65848       0.599022      -0.371775     0.00158155
            169       0.667783       0.601957      -0.382953     0.00140503
            170       0.674226       0.595643        -0.3846     0.00146994
            173       0.674029       0.597516      -0.386714     0.00131897
            174       0.670161       0.590188      -0.383701     0.00155602
            176       0.672347       0.590556      -0.381226     0.00141417
            177       0.665475       0.589263      -0.375631     0.00149565
            178       0.665245       0.586497      -0.374231     0.00150464
            179       0.671657       0.588865      -0.381934      0.0014773
            180       0.673069       0.597642      -0.384664     0.00125822
            181       0.680082       0.588499      -0.388026     0.00135552
            183       0.683441       0.590524      -0.392128     0.00148951
            185       0.685286       0.589137      -0.392776     0.00147277
            186        0.69341       0.598662      -0.400728     0.00122417
            187       0.693031       0.602271      -0.402557     0.00143133
            188       0.693628       0.597887      -0.401797     0.00134909
            189       0.701026       0.603383      -0.407988     0.00116268
            191       0.705756       0.606624      -0.410465      0.0012604
            192       0.705553       0.603928      -0.411492     0.00125027
            193       0.698569       0.598009       -0.40615     0.00109894
            194         0.7043       0.603897      -0.410387     0.00118397
            195       0.711806       0.603448      -0.415383     0.00126475
            197       0.711436       0.605633      -0.415376     0.00124433
            199       0.707382       0.606714      -0.413482     0.00107537
            200       0.716968        0.61407       -0.41789     0.00113305
            201       0.726424       0.609366       -0.42235     0.00134928
            202       0.722455       0.601193      -0.422379     0.00115652
            203       0.732361       0.609728      -0.428061     0.00130685
            205       0.732651       0.606706      -0.427653     0.00115878
            206       0.732865       0.603165      -0.426168     0.00111633
            208       0.732996       0.600534      -0.425701     0.00109223
            210       0.737618       0.599697      -0.427652     0.00119228
            211       0.737941       0.596538      -0.428737     0.00125273
            212         0.7389       0.589363       -0.42584     0.00127743
            214       0.740367        0.59352      -0.427099     0.00140954
            215       0.745393       0.596032      -0.431078     0.00112808
            216       0.755177       0.592266      -0.431023     0.00118039
            217       0.760317       0.596369      -0.435852     0.00125083
            218       0.766891       0.605618      -0.438803      0.0010666
            220       0.764894       0.610513      -0.441347     0.00113279
            221       0.773254       0.608314      -0.441263     0.00123115
            222       0.777368       0.609339      -0.441972     0.00124467
            223       0.771677       0.608923      -0.439672      0.0010834
            224       0.765001        0.60921      -0.437589     0.00105668
            225       0.767687       0.615783      -0.441083     0.00114971
            226       0.776529       0.611243       -0.44232     0.00106657
            227       0.775769       0.619126      -0.443905      0.0011296
            231       0.775709       0.618602      -0.442947     0.00102667
            232       0.785034       0.625443      -0.442725     0.00119708
            233        0.78968       0.615503      -0.445314      0.0010474
            234       0.797766       0.620772      -0.443225     0.00112348
            235       0.793723        0.62729       -0.44386     0.00133203
            237       0.794804       0.624533      -0.442781     0.00126988
            238        0.79566       0.620366      -0.443932     0.00115867
            239        0.80328       0.619014      -0.444602     0.00127463
            240       0.811226       0.609818      -0.445182     0.00120733
            241       0.813379       0.614665      -0.443669     0.00111888
            242       0.808161       0.607976      -0.443285     0.00129132
            243       0.808347       0.601252      -0.442245     0.00107394
            244        0.80585       0.599897       -0.44389     0.00114271
            245       0.806307       0.598534      -0.441855     0.00121944
            246       0.805661       0.593159      -0.441882     0.00123639
            247       0.807549        0.60204      -0.443103     0.00110547
            248       0.808822       0.596241       -0.44259     0.00122798
            249       0.814622       0.590664      -0.439146     0.00125487
            250       0.822102       0.593349      -0.440433     0.00143704
            251        0.82625       0.601935      -0.440934     0.00134939
            253       0.830142       0.603882      -0.440925     0.00128107
            255       0.826124        0.60509      -0.439919     0.00124034
            257         0.8236       0.601704      -0.439986      0.0012876
            258        0.81381       0.609826      -0.443396     0.00127719
            259       0.815111       0.605855      -0.442448     0.00132127
            260       0.822932       0.613834        -0.4429      0.0014355
            263       0.821833        0.61171      -0.443075     0.00125982
            265       0.820675        0.61368      -0.443093     0.00124798
            266       0.826427       0.603959      -0.439783     0.00127616
            267       0.831178       0.597992       -0.43861      0.0013296
            268       0.833852       0.589055      -0.433691     0.00150157
            269       0.824724       0.597681      -0.440516     0.00124971
            270       0.823478       0.603451       -0.44012     0.00127719
            271       0.816298       0.608238      -0.441709      0.0012611
            273       0.814822       0.606649      -0.443585     0.00112217
            275       0.811206       0.604704      -0.443853     0.00125953
            276       0.818309       0.611994      -0.443823     0.00142307
            277       0.808543       0.602485      -0.443413     0.00130058
            278       0.808861       0.608008      -0.445857     0.00114724
            279       0.812693       0.614986      -0.444015     0.00118853
            281       0.815828       0.617392       -0.44429     0.00123337
            282       0.810898       0.623052      -0.446016     0.00112378
            286       0.813039       0.625348      -0.443879     0.00145983
            287       0.816118       0.619239       -0.44404     0.00140233
            289       0.815244        0.62132      -0.444832     0.00144364
            290       0.806792       0.627974      -0.442525     0.00139138
            291       0.808443       0.637675       -0.44122     0.00135192
            293       0.805972       0.636935      -0.440698     0.00139294
            294       0.809109       0.641625      -0.438418     0.00128704
            295       0.815504       0.641122      -0.435759     0.00153143
            296       0.820221       0.633766      -0.437518     0.00150084
            297       0.825732        0.63265      -0.436787     0.00125326
            298       0.827778       0.623993      -0.440368     0.00155208
            299        0.81971       0.620041      -0.441154     0.00125528
            300       0.812827       0.610118      -0.442605     0.00127428
            301       0.822497       0.604197      -0.442367     0.00124709
            302       0.826505       0.608835      -0.441338     0.00137213
            303       0.816649       0.616054      -0.444336     0.00117034
            304       0.807552       0.617478      -0.443278     0.00114563
            305       0.814848       0.627337      -0.443444     0.00124195
            307       0.817621       0.631146      -0.442269     0.00143013
            309       0.816223       0.630164      -0.441105     0.00137481
            310       0.816502       0.621783      -0.445961     0.00131763
            313       0.819094       0.621373      -0.442981     0.00120964
            314       0.823074       0.615613       -0.44045     0.00113386
            315        0.82151       0.617405      -0.442085     0.00129924
            316       0.811813       0.608974      -0.444198     0.00134485
            317        0.81285       0.607097      -0.443814      0.0011732
            318       0.803109       0.609618      -0.444992     0.00115726
            319       0.802457       0.615945      -0.442558     0.00121576
            320       0.799936       0.621876      -0.445304     0.00117107
            321       0.796307       0.614808      -0.442092     0.00135191
            322       0.801491       0.618955       -0.44407     0.00132789
            323       0.801518       0.624635        -0.4444     0.00116205
            324       0.797998       0.622237      -0.442996     0.00107593
            325       0.794082       0.620459      -0.442505     0.00113209
            326       0.785743       0.627145      -0.442985     0.00111782
            327       0.790687       0.633684      -0.441423     0.00116675
            329       0.791362       0.635837       -0.44231     0.00132905
            330       0.798023       0.636679      -0.443196     0.00141497
            331        0.79156       0.639202      -0.441349      0.0012629
            333        0.79438       0.640916      -0.440337     0.00132503
            334       0.802093       0.647911      -0.440627       0.001472
            338       0.799911       0.646339      -0.437366     0.00133375
            339       0.800058       0.639646      -0.439474     0.00129011
            341       0.798566       0.641454        -0.4414     0.00145591
            342       0.800976        0.63652      -0.440273     0.00139554
            343       0.804126       0.631152       -0.44194       0.001222
            344       0.801364       0.639771      -0.443484     0.00128209
            347        0.80458       0.636771      -0.442627     0.00128128
            348       0.799815       0.636231      -0.441638     0.00120992
            350       0.796006       0.631901      -0.444337     0.00134641
            352       0.798347       0.634667      -0.441883     0.00113755
            354       0.797919       0.634606      -0.442249     0.00133894
            356       0.798118       0.636505      -0.442115     0.00125619
            357        0.80229       0.626561      -0.444004       0.001312
            358       0.803352       0.617668      -0.444237     0.00134241
            359       0.795282       0.621258       -0.44511     0.00107849
            360       0.803619       0.630989      -0.444553     0.00119335
            361       0.802559       0.632863      -0.442112     0.00144805
            362       0.808039       0.630764       -0.44158     0.00120221
            363       0.800068       0.626561      -0.443625     0.00129508
            365       0.802833       0.628628      -0.443888     0.00111905
            366       0.804032       0.621288      -0.443419     0.00120577
            367        0.80865       0.618001      -0.445404     0.00121653
            369       0.807439       0.618358      -0.444739     0.00119271
            371       0.810674       0.622699      -0.446003     0.00102833
            373       0.812487       0.620456      -0.441654     0.00115179
            374       0.804884       0.626553      -0.442394     0.00149558
            375        0.80027       0.632387      -0.443875     0.00133262
            379       0.801475       0.634225      -0.443476     0.00108278
            380       0.798753       0.633601      -0.444652     0.00130569
            381       0.801086       0.623758      -0.443612     0.00124733
            382       0.800146       0.617735      -0.444062     0.00117475
            383       0.800102       0.621367       -0.44562     0.00117166
            387        0.79949       0.623133      -0.446163     0.00119878
            389       0.800857       0.627619      -0.443226     0.00123755
            390       0.804791       0.627628      -0.443063     0.00137622
            391       0.794906       0.620127      -0.444485     0.00116362
            393       0.798471        0.62268      -0.444044     0.00131467
            394       0.795896       0.626764      -0.444135     0.00103327
            395       0.793749       0.620626      -0.443738     0.00115485
            396       0.788253       0.611406      -0.442683     0.00101915
            397       0.788443       0.601706      -0.442015     0.00114857
            398       0.781415       0.598587      -0.439039      0.0012109
            399       0.781533        0.59889      -0.438639     0.00102654
            400       0.791405       0.597402      -0.442972     0.00115928
            402       0.789639       0.601114       -0.44282     0.00112169
            403       0.788998       0.605198      -0.444277     0.00114254
            404       0.789301       0.602302      -0.445382     0.00120695
            407       0.791472       0.605616      -0.444025     0.00117264
            408       0.799796       0.597331      -0.444561     0.00131522
            418       0.800013       0.597946      -0.443218     0.00111105
            421       0.802828       0.598544      -0.442847     0.00143352
            422       0.810385       0.607171       -0.44508     0.00126269
            423       0.808079       0.610254      -0.443699     0.00122439
            424       0.809569       0.619716      -0.446591     0.00117105
            430       0.810288       0.619613      -0.445601     0.00123234
            431       0.808826        0.61398      -0.442098     0.00138004
            432       0.816077       0.613051      -0.442646     0.00133499
            433       0.816687       0.619792      -0.442686     0.00117684
            435        0.81669       0.621598      -0.444767     0.00120258
            438       0.813923       0.621033      -0.444413     0.00132995
            439       0.814774       0.615343      -0.444221     0.00124783
            441       0.812685       0.613897      -0.444065     0.00110266
            442       0.815579       0.605242       -0.44316     0.00122108
            443       0.805741       0.607977      -0.443866     0.00124788
            447       0.803691       0.605859      -0.443522     0.00125146
            448       0.794234       0.612086      -0.443117     0.00129006
            449       0.789462       0.614064      -0.443503     0.00104918
            450       0.796438       0.606175      -0.443069     0.00115838
            451       0.804243       0.609957      -0.445644     0.00097213
            453        0.80076       0.613696      -0.443666     0.00119527
            454       0.794349       0.620318      -0.444235     0.00116845
            455       0.789475       0.627033      -0.443473     0.00131624
