0   38.7761
1   37.3123
2   35.1495
3   33.5743
4   32.638
5   31.8203
6   30.8548
7   29.7127
8   28.5624
9   27.5085
10   26.6536
11   25.7353
12   25.185
13   24.3691
14   23.8812
15   23.4346
16   22.965
17   22.5374
18   21.9859
19   21.5807
20   21.2937
21   20.8424
22   20.4293
23   19.8896
24   19.1693
25   17.9992
26   17.2524
27   16.3157
28   15.5262
29   15.1572
30   14.9257
31   14.6703
32   14.3914
33   14.1116
34   13.7824
35   13.5297
36   13.3287
37   13.1306
38   12.9599
39   12.8236
40   12.6714
41   12.5335
42   12.4394
43   12.429
44   12.3662
45   12.4221
46   12.3359
47   12.1316
48   11.9292
49   11.8433
50   11.6959
51   11.6136
52   11.575
53   11.4773
54   11.4027
55   11.3376
56   11.2892
57   11.2619
58   11.2266
59   11.1662
60   11.0589
61   10.9669
62   10.8248
63   10.6965
64   10.5864
65   10.5117
66   10.3538
67   10.2284
68   10.0327
69   9.8392
70   9.63294
71   9.49142
72   9.46478
73   9.42502
74   9.39779
75   9.34261
76   9.28102
77   9.23441
78   9.14779
79   9.06242
80   8.92145
81   8.77109
82   8.6003
83   8.44665
84   8.36502
85   8.3282
86   8.26804
87   8.24419
88   8.22436
89   8.19691
90   8.20402
91   8.20166
92   8.17622
93   8.14404
94   8.12305
95   8.0644
96   8.01817
97   7.97757
98   7.97081
99   7.8968
100   7.87029
101   7.76116
102   7.68175
103   7.54445
104   7.45259
105   7.38768
106   7.28456
107   7.25509
108   7.20678
109   7.19363
110   7.19341
111   7.19252
112   7.18896
113   7.18451
114   7.18184
115   7.17916
116   7.17427
117   7.17137
118   7.17137
119   7.17137
120   7.17137
121   7.17137
122   7.17137
123   7.17137
124   7.17137
125   7.16594
126   7.14423
127   7.12251
128   7.04651
129   6.89075
130   6.77024
131   6.67176
132   6.62848
133   6.62848
134   6.62583
135   6.60996
136   6.5835
137   6.54917
138   6.53075
139   6.45674
140   6.41185
141   6.37728
142   6.36388
143   6.36388
144   6.36388
145   6.36388
146   6.36388
147   6.36388
148   6.36388
149   6.36388
150   6.36388
151   6.36388
152   6.36388
153   6.36388
154   6.36388
155   6.36388
156   6.36388
157   6.36388
158   6.36388
159   6.36388
160   6.36388
161   6.36388
162   6.36388
163   6.36388
164   6.36388
165   6.36388
166   6.36388
167   6.36388
168   6.36388
169   6.36388
170   6.36388
171   6.36388
172   6.36388
173   6.36388
174   6.36388
175   6.36388
176   6.36388
177   6.36388
178   6.36388
179   6.36388
180   6.36388
181   6.36388
182   6.36388
183   6.36388
184   6.36388
185   6.36388
186   6.36388
187   6.36388
188   6.36388
189   6.36388
190   6.36388
191   6.36388
192   6.36323
193   6.35997
194   6.3503
195   6.34067
196   6.32709
197   6.30918
198   6.29897
199   6.29878
200   6.29878
201   6.29878
202   6.29878
203   6.29878
204   6.29878
205   6.29878
206   6.29878
207   6.29878
208   6.29878
209   6.29878
210   6.29878
211   6.29878
212   6.29878
213   6.29878
214   6.29878
215   6.29878
216   6.29878
217   6.29878
218   6.29878
219   6.29878
220   6.29878
221   6.29878
222   6.29878
223   6.29878
224   6.29878
225   6.29878
226   6.29878
227   6.29878
228   6.29878
229   6.29878
230   6.29878
231   6.29878
232   6.29878
233   6.29878
234   6.29878
235   6.29878
236   6.29878
237   6.29878
238   6.29878
239   6.29878
240   6.29878
241   6.29878
242   6.29878
243   6.29878
244   6.29878
245   6.29878
246   6.29878
247   6.29878
248   6.29878
249   6.29878
250   6.29878
251   6.29878
252   6.29878
253   6.29823
254   6.296
255   6.29098
256   6.28429
257   6.27259
258   6.25699
259   6.24529
260   6.24306
261   6.24442
262   6.24306
263   6.24306
264   6.24306
265   6.24306
266   6.24306
267   6.24306
268   6.24306
269   6.24306
270   6.24306
271   6.24306
272   6.24306
273   6.24306
274   6.24306
275   6.24306
276   6.24306
277   6.24306
278   6.24306
279   6.24306
280   6.24306
281   6.24306
282   6.24306
283   6.24306
284   6.24306
285   6.24306
286   6.24306
287   6.24306
288   6.24306
289   6.24306
290   6.24306
291   6.24306
292   6.24306
293   6.24306
294   6.24306
295   6.24306
296   6.24306
297   6.24306
298   6.24306
299   6.24306
300   6.24306
301   6.24306
302   6.24306
303   6.24306
304   6.24306
305   6.24306
306   6.24306
307   6.24306
308   6.24306
309   6.24306
310   6.24306
311   6.24306
312   6.24306
313   6.24306
314   6.24306
315   6.24306
316   6.24306
317   6.24306
318   6.24306
319   6.24306
320   6.24306
321   6.24306
322   6.24306
323   6.24306
324   6.24306
325   6.24306
326   6.24306
327   6.24306
328   6.24306
329   6.24306
330   6.24306
331   6.24306
332   6.24306
333   6.24306
334   6.24306
335   6.24306
336   6.24306
337   6.24306
338   6.24306
339   6.24306
340   6.24306
341   6.24306
342   6.24306
343   6.24306
344   6.24306
345   6.24306
346   6.24306
347   6.24306
348   6.24306
349   6.24306
350   6.24306
351   6.24306
352   6.24306
353   6.24306
354   6.24306
355   6.24306
356   6.24306
357   6.24306
358   6.24306
359   6.24306
360   6.24306
361   6.24306
362   6.24306
363   6.24306
364   6.24306
365   6.24306
366   6.24306
367   6.24306
368   6.24306
369   6.24306
370   6.24306
371   6.24306
372   6.24306
373   6.24306
374   6.24306
375   6.24306
376   6.24306
377   6.24306
378   6.24306
379   6.24306
380   6.24306
381   6.24306
382   6.24306
383   6.24306
384   6.24306
385   6.24306
386   6.24306
387   6.24306
388   6.24306
389   6.24306
390   6.24306
391   6.24306
392   6.24306
393   6.24306
394   6.24306
395   6.24306
396   6.24306
397   6.24306
398   6.24306
399   6.24306
400   6.24306
401   6.24306
402   6.24306
403   6.24306
404   6.24306
405   6.24306
406   6.24306
407   6.24306
408   6.24306
409   6.24306
410   6.24306
411   6.24306
412   6.24306
413   6.24306
414   6.24306
415   6.24306
416   6.24306
417   6.24306
418   6.24306
419   6.24306
420   6.24306
421   6.24306
422   6.24306
423   6.24306
424   6.24306
425   6.24306
426   6.24306
427   6.24306
428   6.24306
429   6.24306
430   6.24306
431   6.24306
432   6.24306
433   6.24306
434   6.24306
435   6.24306
436   6.24306
437   6.24306
438   6.24306
439   6.24306
440   6.24306
441   6.24306
442   6.24306
443   6.24306
444   6.24306
445   6.24306
446   6.24306
447   6.24306
448   6.24306
449   6.24306
450   6.24306
451   6.24306
452   6.24306
453   6.24306
454   6.24306
455   6.24306
456   6.24306
457   6.24306
458   6.24306
459   6.24306
460   6.24306
461   6.24306
462   6.24306
463   6.24306
464   6.24306
465   6.24306
466   6.24306
467   6.24306
468   6.24306
469   6.24306
470   6.24306
471   6.24306
472   6.24306
473   6.24306
474   6.24306
475   6.24306
476   6.24306
477   6.24306
478   6.24306
479   6.24306
480   6.24306
481   6.24306
482   6.24306
483   6.24306
484   6.24306
485   6.24306
486   6.24306
487   6.24306
488   6.24306
489   6.24306
490   6.24306
491   6.24306
492   6.24306
493   6.24306
494   6.24306
495   6.24306
496   6.24306
497   6.24306
498   6.24306
499   6.24306
