           beta           mean          sigma           E           errE
          10.05       0.604781       0.596609      -0.315035     0.00176522
        10.1002       0.606693       0.587364      -0.313412     0.00195059
        10.1508        0.61532       0.582392      -0.322779     0.00180981
        10.2015       0.612506        0.58484      -0.317042     0.00182413
        10.2525       0.619906        0.59464      -0.332082     0.00205379
        10.3038       0.622641       0.585359      -0.329267     0.00162092
        10.3553       0.618972       0.586226      -0.325981     0.00154775
        10.4071       0.615958       0.588266      -0.322953     0.00173206
        10.4591       0.617125       0.588807      -0.324993      0.0017336
        10.5114       0.622662        0.59061      -0.331577     0.00178327
         10.564       0.622309       0.586152      -0.330595     0.00162307
        10.6168       0.622697       0.579941      -0.329202     0.00187848
        10.6699       0.629128       0.580106      -0.336939      0.0015388
        10.7232       0.619863       0.589454      -0.330347     0.00188748
        10.7768       0.617398       0.585266      -0.328331     0.00172306
        10.8307       0.617794       0.593958      -0.328166     0.00166232
        10.8849       0.620282       0.586622      -0.327888     0.00174771
        10.9393       0.617591       0.586018      -0.326705     0.00196301
         10.994       0.617479       0.594708      -0.330233     0.00180672
         11.049       0.607492       0.584731      -0.314205     0.00154051
        11.1042       0.617071       0.591849      -0.326151     0.00174294
        11.1597       0.613297       0.590122      -0.324067     0.00165535
        11.2155       0.622937       0.580561      -0.328403      0.0019374
        11.2716       0.623327       0.589558      -0.333625     0.00187596
         11.328        0.62428       0.581796      -0.329155     0.00177707
        11.3846        0.62978       0.587298      -0.338111     0.00182223
        11.4415       0.635455       0.594011      -0.346695     0.00147045
        11.4987       0.639781        0.58745      -0.350125     0.00150518
        11.5562       0.640353       0.584861      -0.346799     0.00163818
         11.614       0.641884       0.590806      -0.354815     0.00157998
        11.6721       0.651324       0.595184      -0.364903     0.00151704
        11.7891       0.647428       0.594218      -0.360977     0.00184788
         11.848       0.654462       0.602631      -0.370331     0.00142627
        11.9073       0.648874       0.606303      -0.366707     0.00146411
        11.9668       0.652108       0.608375       -0.36784     0.00134962
        12.0266       0.650551        0.60684      -0.368024     0.00132937
        12.1472       0.650029       0.609695       -0.36607     0.00141311
        12.2079       0.648198       0.602446      -0.364092     0.00138905
         12.269       0.646284         0.6028       -0.36299     0.00169777
        12.3303       0.640401       0.611941      -0.358512     0.00132106
         12.392       0.638767       0.606439      -0.357857     0.00158932
        12.4539        0.63936       0.597874      -0.353736     0.00161906
        12.5162       0.639235       0.596418      -0.351072     0.00165102
        12.5788       0.645195       0.605924       -0.36249     0.00167066
        12.6417       0.650373       0.612964      -0.368406     0.00158136
        12.7049       0.647187       0.621291      -0.368028     0.00143685
        12.8323       0.642676       0.625871      -0.364031     0.00149668
        12.8964       0.645631       0.616038      -0.361475     0.00154863
        12.9609         0.6484       0.615415      -0.366143      0.0014117
        13.0257       0.644076       0.616994      -0.365889      0.0015575
        13.0908       0.653659       0.623841      -0.374889     0.00140583
        13.1563       0.655669       0.616021       -0.37366     0.00124169
        13.2221       0.649104       0.616643      -0.367817     0.00159333
        13.2882       0.644759       0.611224      -0.364086     0.00169358
        13.3546       0.637972       0.610429      -0.354912     0.00133785
        13.4214       0.629901       0.608854      -0.348899     0.00142785
        13.4885       0.632409       0.605883      -0.349481     0.00160011
        13.5559       0.635305       0.607573      -0.351995     0.00174612
        13.6237        0.63683       0.614203      -0.352675     0.00162089
        13.6918       0.632862       0.609589      -0.348685     0.00131912
        13.7603         0.6256        0.60763      -0.343995     0.00146519
        13.8291       0.631099       0.611516      -0.348182     0.00137619
        13.8982       0.637569       0.611507      -0.354206     0.00149129
        13.9677       0.635555       0.614297      -0.354639     0.00164206
        14.0376       0.630772       0.621874      -0.347688     0.00159622
        14.1078       0.636365       0.621463      -0.355854     0.00134819
        14.1783       0.628533       0.629819      -0.347787     0.00162723
        14.2492       0.627436       0.627679       -0.34804     0.00178121
        14.3204       0.637283       0.636277      -0.358893     0.00144024
         14.392       0.644505        0.62653      -0.366114     0.00133122
        14.5363       0.644432       0.630217      -0.365435     0.00156061
         14.609       0.653737       0.636188      -0.372537     0.00160061
        14.6821       0.649496       0.640518      -0.371658     0.00162007
        14.7555       0.649015       0.640489      -0.368721     0.00140348
        14.8292       0.640679       0.645171      -0.363158     0.00153529
        14.9034       0.645055       0.650165      -0.366504     0.00139925
        14.9779       0.653247       0.642414      -0.371777     0.00138842
        15.0528       0.659509       0.632592      -0.380177     0.00129999
        15.1281       0.667368       0.632613      -0.387156     0.00131008
        15.2037       0.657867       0.638183       -0.37828     0.00164743
        15.2797       0.649109       0.638673      -0.368417     0.00145334
        15.3561       0.650605       0.635407      -0.371262     0.00123655
        15.4329       0.659335       0.632956      -0.377998     0.00155545
        15.5101       0.661883       0.638123      -0.380822     0.00132474
        15.5876       0.653344       0.628849      -0.372364     0.00130461
        15.6655       0.657194       0.629874      -0.377495       0.001503
        15.7439       0.647346       0.620144      -0.365796     0.00149204
        15.8226       0.647048       0.611223      -0.366656     0.00153039
        15.9017       0.644921       0.610268      -0.362824       0.001426
        15.9812       0.636519       0.616348      -0.356631     0.00134358
        16.0611       0.640625       0.610259      -0.358022     0.00163269
        16.1414       0.637076       0.617589      -0.355895     0.00165206
        16.2221       0.627321       0.609515      -0.346424     0.00180867
        16.3032       0.620628       0.613554      -0.339973      0.0017653
        16.3848       0.615235       0.609076      -0.330655     0.00161469
        16.4667       0.619273       0.603093      -0.335548     0.00169924
         16.549       0.622117       0.611358      -0.340148     0.00148519
        16.6318       0.615091        0.60759      -0.334496     0.00157868
        16.7149       0.611321        0.60545      -0.326731     0.00165153
        16.7985       0.609646       0.600788        -0.3206      0.0015946
        16.8825       0.612176       0.595677      -0.327042     0.00171504
        16.9669       0.618853       0.596191      -0.330261      0.0017442
        17.0517       0.622308       0.601436      -0.337842        0.00187
         17.137       0.625326       0.607645      -0.342179     0.00151746
        17.2227       0.617078       0.606984      -0.331544     0.00181588
        17.3088       0.610637       0.598193      -0.319699     0.00173272
        17.3953       0.602422       0.605066      -0.314922     0.00184004
        17.4823       0.597822       0.595198      -0.306926     0.00207888
        17.5697       0.594989       0.601862      -0.307997     0.00181572
        17.7459         0.5928       0.603289      -0.303265     0.00194673
        17.8346        0.59006       0.600735      -0.301258     0.00175542
        17.9238       0.583917       0.602744       -0.29298     0.00200144
        18.0134       0.579334       0.604733      -0.283705     0.00191597
        18.1035       0.581157       0.601924      -0.285958     0.00157269
         18.194        0.58771       0.608308      -0.301802     0.00186454
        18.2849       0.584444       0.599171      -0.294391     0.00202385
        18.3764       0.578655       0.605358       -0.29056     0.00201153
        18.4682       0.585295       0.608957      -0.295547     0.00198669
        18.5606       0.594636       0.613823       -0.31056      0.0020025
        18.6534         0.5974       0.612842      -0.312622     0.00188589
        18.7467       0.588362       0.605556      -0.299409     0.00196212
        18.8404       0.582281       0.603355      -0.289363     0.00195642
        18.9346        0.58437       0.597681       -0.29205     0.00189979
        19.0293       0.589134       0.607009      -0.302117     0.00178844
        19.1244       0.586984       0.606766      -0.299328     0.00182263
          19.22       0.586433       0.614311      -0.301732     0.00176656
        19.3161       0.583776       0.613829      -0.297734     0.00215774
        19.4127       0.577151       0.612815      -0.287452     0.00218812
        19.5098        0.57477       0.610146       -0.28653     0.00193442
        19.6073       0.569608       0.617161      -0.280537     0.00212133
        19.7054       0.565147       0.612652      -0.271499     0.00205301
        19.8039       0.570214       0.620513      -0.281172     0.00201214
        19.9029       0.566665       0.623927      -0.279984      0.0021725
        20.0024       0.566265       0.633234      -0.284924     0.00219412
        20.1024       0.565112       0.639999      -0.285988     0.00219532
        20.2029       0.571668       0.631231      -0.286801     0.00226645
         20.304       0.567798       0.629805      -0.284773     0.00211112
        20.4055       0.570206       0.632765      -0.286508     0.00200875
        20.5075       0.567321        0.63736      -0.283242     0.00212557
          20.61       0.576463       0.643207      -0.298837     0.00199858
        20.7131       0.572143       0.644149      -0.293637     0.00219868
        20.8167       0.575428       0.634892      -0.291824     0.00211721
        20.9207       0.571876       0.628748      -0.286027     0.00200955
        21.0253       0.579784       0.626985      -0.293846     0.00224085
        21.1305       0.573516       0.635087      -0.289061     0.00200945
        21.2361       0.570595       0.634163      -0.284565     0.00198422
        21.3423       0.571788        0.62839      -0.287436     0.00212311
         21.449       0.580377       0.634978      -0.301974       0.001939
        21.5563       0.585783       0.643366      -0.305267      0.0019006
         21.664       0.591952       0.651641      -0.313841     0.00185604
        21.7724       0.590193       0.654585      -0.314234     0.00193136
        21.8812       0.596455       0.658664      -0.324292     0.00175007
        21.9906       0.605205       0.662432      -0.331214     0.00201341
        22.1006       0.606463       0.656347      -0.330001     0.00197802
        22.2111       0.601084       0.653063      -0.325538     0.00168065
        22.4338       0.598577        0.65291      -0.324016     0.00195259
        22.5459       0.602408       0.648969      -0.327432       0.001778
        22.7719       0.600244       0.648143      -0.322133     0.00185859
        22.8858       0.591759       0.655877       -0.31757     0.00198078
        23.0002       0.593726       0.653175      -0.317967     0.00174879
        23.1152       0.590661       0.647355      -0.311131     0.00189254
        23.2308       0.589059       0.653435      -0.314333      0.0019438
         23.347       0.590193        0.65093      -0.315128     0.00193127
         23.581       0.590194       0.652929      -0.312481     0.00217984
        23.6989       0.584464       0.659564      -0.310715     0.00175993
        23.8174        0.57843       0.661738      -0.305347     0.00196559
        23.9365       0.586059       0.658304      -0.311587     0.00181007
        24.0562       0.593207       0.654339      -0.318232     0.00181444
        24.1765       0.598486       0.649957      -0.324688     0.00180193
        24.2974       0.599212       0.653141      -0.320268     0.00171461
        24.4188        0.59828       0.657153      -0.322428     0.00198617
        24.5409       0.606901       0.657449      -0.330145     0.00163341
        24.6636       0.598301        0.65932      -0.324974     0.00178714
         24.787       0.600448       0.666689      -0.328397     0.00227106
        24.9109       0.606438         0.6717      -0.332135     0.00202255
        25.0354       0.615092       0.678146       -0.34114     0.00166773
        25.1606       0.622773       0.685285      -0.349164     0.00194139
        25.2864       0.621929       0.678987      -0.346276     0.00188343
        25.4129       0.631481       0.676573      -0.354855     0.00174447
        25.5399       0.621672       0.673894      -0.347574     0.00190609
         25.796       0.617221       0.670381       -0.34059     0.00183957
        25.9249       0.614698        0.66051      -0.340311     0.00181549
        26.0546       0.613956       0.668634      -0.341542      0.0017358
        26.1848       0.620063       0.659919      -0.344494     0.00166672
        26.3158       0.615623       0.664027      -0.343485     0.00189078
        26.4473       0.616813       0.673539      -0.341867      0.0018889
        26.5796       0.620092       0.677778       -0.34623     0.00175561
        26.7125       0.610966        0.67033      -0.334661     0.00167326
         26.846       0.618559        0.67575      -0.343533     0.00174358
        27.1152       0.616665       0.671417      -0.341362     0.00185555
        27.2507       0.617702       0.680442      -0.348837     0.00176123
         27.387       0.609823       0.682332      -0.333833     0.00185934
        27.5239       0.599861       0.686208      -0.327214     0.00204458
        27.6616        0.59581       0.688376      -0.327458     0.00193097
        27.7999       0.605531       0.694486      -0.329617     0.00190458
        27.9389       0.607595       0.686905      -0.332086     0.00210275
        28.0786       0.617297       0.690599      -0.345839     0.00198992
        28.2189       0.612001       0.695371      -0.335452     0.00185441
          28.36       0.621268       0.696684      -0.343764     0.00182089
        28.5018       0.628008       0.702415      -0.345998     0.00200725
        28.6444       0.628827       0.711258      -0.347709     0.00197602
        28.7876       0.635865       0.709966      -0.352185      0.0019169
        28.9315       0.627642        0.70515      -0.346129      0.0021981
        29.0762       0.633306       0.711665      -0.351665     0.00201488
        29.2216       0.634197       0.704144      -0.354005     0.00182737
        29.3677       0.630317       0.702046      -0.357833     0.00178279
        29.5145       0.634673       0.711227      -0.352653     0.00204887
        29.6621       0.630098       0.704361      -0.352424     0.00168183
        29.8104       0.637162       0.708987       -0.35351     0.00181853
        29.9594       0.630891       0.710258      -0.346691     0.00203266
        30.1092        0.62435       0.712486      -0.345849     0.00198189
        30.2598       0.624181       0.704291      -0.345453     0.00164954
        30.4111       0.623861       0.698346      -0.348317     0.00174887
        30.5631       0.627936       0.696248      -0.350946     0.00208095
        30.7159       0.631292       0.702583      -0.349671     0.00205913
        30.8695       0.624436       0.700756      -0.347133     0.00192783
        31.0239       0.622461       0.701641      -0.346486     0.00187392
         31.179       0.624063       0.696263       -0.34822      0.0018713
        31.3349       0.628042       0.686843      -0.353422     0.00188973
        31.4916       0.619896       0.695987      -0.341761     0.00168277
         31.649       0.610974       0.697609      -0.333467     0.00202826
        31.8073       0.604242       0.690407      -0.332534     0.00171803
        31.9663       0.607651       0.685207      -0.334892     0.00177228
        32.1261       0.607829       0.691134      -0.334019     0.00202887
        32.2868       0.612439       0.697367      -0.341164     0.00199943
        32.4482       0.603754         0.7052      -0.331205     0.00198873
        32.6104        0.60463       0.700307      -0.336603     0.00208158
        32.7735       0.602205       0.701274      -0.330705     0.00194545
        32.9374       0.607741       0.699066      -0.332109      0.0020473
         33.102       0.607201       0.705233      -0.332323     0.00206561
        33.2676       0.615595       0.701585      -0.340813     0.00181282
        33.4339       0.611862       0.708594      -0.338078     0.00191938
        33.6011       0.602922       0.700541      -0.334157     0.00216389
        33.7691        0.60697       0.706581      -0.334666     0.00204107
        33.9379       0.604102       0.701967      -0.326776     0.00188923
        34.1076       0.605179       0.705053      -0.331806     0.00211168
        34.2781       0.611067        0.71002      -0.337467      0.0020393
        34.4495       0.610404       0.702631      -0.334744     0.00204771
        34.6218       0.605225       0.697205      -0.333797     0.00187191
        34.7949        0.60718       0.689548      -0.333821     0.00189973
        34.9689       0.604759       0.689711      -0.330277     0.00217204
        35.1437       0.598501        0.68289      -0.325925     0.00181047
        35.3194       0.595737       0.677671      -0.325102     0.00190133
        35.6735       0.595798       0.680207      -0.325831     0.00204055
        35.8519       0.604787       0.683012       -0.33359      0.0018632
        36.2113       0.606728       0.681327      -0.333978     0.00191543
        36.3923       0.615511       0.687262      -0.339458     0.00209893
        36.5743       0.608946       0.683294      -0.336115     0.00201445
        36.7572       0.608569       0.688685      -0.335643     0.00175545
         36.941       0.612522       0.690446      -0.336707     0.00199934
        37.1257       0.619226       0.689801      -0.342486     0.00181992
        37.4978       0.616099       0.686805      -0.343662     0.00162651
        37.6853       0.618697       0.682206      -0.343697     0.00188206
        37.8738       0.624636       0.684916      -0.349953     0.00171789
        38.2535       0.625969       0.685747      -0.349106     0.00200386
        38.6369       0.625296       0.687488      -0.346762     0.00143394
        38.8301       0.634717       0.683798      -0.355844     0.00193636
        39.0243       0.644227       0.677962      -0.361569     0.00186466
        39.2194       0.639311        0.67045      -0.362129     0.00159039
        39.6126       0.635907        0.67144      -0.360349     0.00174923
        39.8106       0.642214       0.675707      -0.364077     0.00157236
        40.0097       0.645907       0.666238      -0.366225      0.0018407
        40.2097       0.637116       0.660908      -0.359957     0.00164163
        40.6128        0.63961       0.661796      -0.359822     0.00179055
        40.8159       0.638999        0.66932      -0.360578     0.00189974
          41.02       0.635008       0.678054      -0.354565     0.00170402
        41.2251       0.642191        0.68304      -0.361687      0.0016089
        41.4312       0.638836       0.691112      -0.359377     0.00186069
        41.6384       0.644285        0.69281      -0.365084     0.00189895
        41.8466       0.652011       0.699639      -0.364074     0.00200983
        42.0558       0.659337       0.698649      -0.368494     0.00211657
        42.2661       0.656591       0.698135      -0.364829     0.00202528
        42.4774       0.655793       0.699229      -0.366937     0.00196269
        42.6898       0.656253       0.691072       -0.37105     0.00153901
        42.9032       0.657248       0.684111      -0.374453     0.00185707
        43.1178       0.650898        0.67562      -0.371362     0.00174717
        43.3333       0.647596       0.669175      -0.367692     0.00155574
          43.55       0.640746       0.664198      -0.361866     0.00158358
        43.7678       0.637932       0.663708      -0.357778     0.00170566
        43.9866       0.635677       0.656168      -0.360383     0.00162917
        44.2065       0.632093        0.65324      -0.355699     0.00134959
        44.4276       0.633967       0.655031      -0.358843     0.00161665
        44.6497       0.633851       0.655287      -0.356813     0.00171517
        44.8729       0.642946       0.650436      -0.363608     0.00167395
        45.0973       0.649445       0.644801      -0.370138     0.00168859
        45.3228       0.653464       0.650854      -0.372837     0.00148319
        45.5494       0.648749       0.652634      -0.369253     0.00146298
        45.7772       0.658118       0.652852      -0.378112     0.00149428
         46.006       0.651297       0.658442      -0.373248     0.00171421
        46.2361       0.645438       0.665021      -0.367201     0.00166791
        46.4673       0.655272       0.669613      -0.376193     0.00163101
        46.6996       0.648101       0.662304      -0.369532     0.00167843
        46.9331       0.651295       0.666504      -0.371127     0.00169438
        47.1678       0.647681       0.658038      -0.367979     0.00150129
        47.4036       0.652301       0.666557      -0.373905     0.00167976
        47.6406       0.660409       0.669512      -0.375377     0.00156385
        47.8788       0.669145       0.669631      -0.381806     0.00149827
        48.1182       0.675023       0.667229      -0.386735      0.0014862
        48.3588       0.684254       0.660806      -0.393845     0.00145035
        48.6006        0.68606        0.65237      -0.397007     0.00118757
        48.8436       0.679715       0.652853      -0.394126     0.00143255
        49.0878       0.689189       0.655468      -0.399728     0.00155021
        49.3333       0.693775       0.655012      -0.402035     0.00144438
        49.5799       0.696131       0.660054      -0.403138     0.00146874
        49.8278       0.697979         0.6516      -0.406441     0.00120377
        50.3273        0.70289         0.6513      -0.408811     0.00128083
         50.579       0.694461        0.64928      -0.405309      0.0012746
        50.8319        0.69464       0.656466      -0.402557     0.00128677
         51.086        0.69813       0.665336      -0.402651     0.00140118
        51.3415       0.698921       0.667617      -0.402726     0.00138733
        51.5982       0.699272       0.673632      -0.403655     0.00141526
        52.1154       0.694852        0.67391      -0.397421     0.00136589
         52.376       0.704289       0.682537      -0.399154     0.00142669
        52.6379       0.699984       0.687453      -0.395887     0.00171691
        52.9011       0.705411       0.694032      -0.393625     0.00186248
        53.1656       0.695503       0.691694      -0.389572     0.00183239
        53.4314       0.697514       0.683286      -0.391455     0.00170936
        53.6986       0.691206       0.675906      -0.396311     0.00163708
        53.9671       0.699569       0.667715      -0.403024     0.00149929
        54.2369       0.692041        0.66834      -0.396171     0.00163401
        54.5081       0.694708       0.668877      -0.400192     0.00151372
        54.7806       0.696318       0.670581      -0.397088     0.00162917
        55.0545       0.701541       0.675829      -0.400123     0.00143418
        55.3298       0.705476       0.680076      -0.403286     0.00147757
        55.6065       0.711961       0.684985      -0.402836     0.00169771
        55.8845       0.702085       0.692153      -0.396379     0.00158454
        56.1639       0.703387       0.696056      -0.393817     0.00162061
        56.4447       0.713098       0.694012      -0.398782     0.00149954
         56.727       0.707414       0.702448      -0.393813     0.00187828
        57.0106        0.70503       0.703143      -0.391621     0.00177968
        57.2956       0.707353       0.711253       -0.38525     0.00197429
        57.5821       0.716602       0.709655      -0.391041     0.00204842
          57.87       0.716059       0.708538       -0.39199     0.00201639
        58.1594       0.708181       0.716371      -0.383723     0.00200131
        58.7424       0.707799       0.719728      -0.382584     0.00200013
        59.0361       0.703936        0.72098      -0.379152     0.00214366
        59.3313       0.711685       0.719028      -0.387286     0.00192317
         59.628        0.70819       0.724757      -0.377895     0.00238821
        59.9261       0.708071       0.723668      -0.380424      0.0021527
        60.2258        0.70589        0.73033      -0.376496     0.00236126
        60.5269       0.697135        0.72486      -0.377617     0.00204251
        61.1337       0.695316       0.728959      -0.374054      0.0021203
        61.4393       0.690175       0.725156      -0.376127     0.00199794
        61.7465       0.686093        0.73096        -0.3717     0.00214978
        62.0553       0.683104       0.731817      -0.371085      0.0018923
        62.3655       0.680354       0.737797      -0.364122     0.00227583
        62.6774       0.681854       0.735102      -0.368848     0.00221987
        63.3057       0.676954       0.731231      -0.367349     0.00205332
        63.9403       0.678488       0.728274      -0.369514     0.00219049
          64.26       0.685349       0.730189      -0.369221     0.00216578
        64.5813       0.694528       0.723145      -0.377747     0.00178115
        64.9043       0.688048       0.725952      -0.371414     0.00184354
        65.2288       0.683444       0.730834      -0.368889     0.00197926
        65.5549       0.693078       0.728167      -0.375048     0.00201655
        65.8827       0.694223       0.737322      -0.368852     0.00235012
        66.2121       0.700269       0.743786      -0.368614     0.00237483
        66.5432        0.69627       0.742602      -0.365447     0.00217801
        66.8759       0.699821       0.737512      -0.370558     0.00194578
        67.2103       0.695146       0.729379      -0.370225     0.00226747
        67.5463       0.697993       0.738185      -0.366389     0.00235001
         67.884       0.694414       0.733493      -0.371755     0.00214463
        68.2235       0.687184       0.726423      -0.371775     0.00250121
        68.5646       0.695355       0.719401      -0.380179     0.00206098
        68.9074       0.699471       0.713541      -0.383659     0.00180467
        69.2519       0.698842       0.723471      -0.380572     0.00188283
        69.5982       0.695353       0.716393      -0.381223     0.00178031
        69.9462        0.68968       0.725584      -0.373731     0.00198118
        70.2959       0.690981       0.731308      -0.370525     0.00247075
        70.6474       0.685977        0.73327      -0.369578     0.00203901
        71.0006       0.676352       0.736267      -0.366545     0.00224801
        71.3556       0.684507        0.72835      -0.373214     0.00225958
        71.7124       0.687668       0.720458      -0.375284     0.00200821
         72.071       0.679513       0.728468      -0.366817      0.0021363
        72.4313       0.678044       0.729755      -0.367597      0.0022183
        72.7935       0.671449       0.732371      -0.365753     0.00217247
        73.1575       0.673577       0.727059      -0.365368      0.0020506
        73.5233       0.676318       0.728385      -0.368054     0.00215483
        73.8909       0.684709       0.719247      -0.377204     0.00187936
        74.2603       0.693221       0.721077      -0.373147     0.00227107
        74.6316       0.695668       0.718109      -0.382461     0.00214192
        75.0048       0.696658       0.714898      -0.378279       0.002135
        75.3798       0.689628       0.706494      -0.383166     0.00213688
        75.7567       0.682432       0.713244      -0.376555     0.00213384
        76.1355       0.676969       0.714698      -0.374881     0.00190754
        76.8987       0.677433       0.710304      -0.376642     0.00166621
        77.2832       0.681325       0.712813      -0.376731     0.00190366
        77.6697       0.684868       0.710298      -0.380288     0.00172058
         78.058        0.68208       0.712933      -0.375998     0.00206008
        78.4483       0.687852       0.722047      -0.374565     0.00208679
        78.8405       0.682309       0.715101      -0.375979     0.00197645
        79.2347       0.685701        0.72465      -0.374557     0.00176741
        79.6309       0.694688       0.724238      -0.376794     0.00205305
        80.0291       0.699327       0.717984      -0.382018     0.00201794
        80.4292       0.708291       0.720542      -0.383403     0.00205866
        80.8314       0.714965       0.711134       -0.38894     0.00189153
        81.6417        0.71376       0.712884       -0.39362     0.00185777
        82.0499       0.710281        0.70724      -0.389051     0.00201416
        82.4602       0.717065       0.700209       -0.39843     0.00193374
        82.8725       0.711536       0.702151      -0.392234     0.00194876
        83.2868       0.718389       0.708879      -0.393166     0.00198795
        84.1218       0.717468       0.708454      -0.394556     0.00176423
        84.5424       0.707517       0.698918      -0.392493     0.00186614
        84.9651       0.708806       0.704721      -0.389822     0.00198622
        85.3899       0.703205         0.7001       -0.39188     0.00170209
        85.8169       0.698215       0.697798      -0.389102     0.00196822
        86.2459       0.695822       0.690478      -0.393266     0.00178025
        86.6772        0.70395       0.691828      -0.396417     0.00198894
        87.5461       0.707431       0.695947      -0.398075     0.00166254
        87.9838       0.706868       0.700812      -0.394151     0.00167285
        88.4238         0.7132       0.698736      -0.393362     0.00191937
        88.8659       0.716664       0.695315      -0.398711     0.00168677
        89.3102       0.722159       0.703105      -0.393681     0.00209833
        89.7568       0.719103       0.700858      -0.397528     0.00177946
        90.6566       0.721235        0.69848      -0.399294     0.00161354
        91.1099       0.711737       0.693963      -0.396001      0.0017851
        92.0232       0.711201       0.695718      -0.401724     0.00170892
        92.9458       0.712964       0.694756      -0.397257     0.00168849
        93.4105       0.712139       0.687172      -0.400467     0.00178745
        93.8775       0.709138       0.696561      -0.394976     0.00188238
        94.8187       0.711132       0.696623      -0.393378     0.00205628
        95.2928       0.720365        0.69891      -0.398479      0.0018006
        95.7692       0.720825       0.699948      -0.399182     0.00161891
        96.2481       0.723049       0.698659      -0.400543      0.0018504
         97.213       0.726382       0.700071      -0.399418     0.00177685
         97.699       0.733131       0.705111      -0.397187     0.00200271
        98.1875       0.728863       0.708183      -0.393841      0.0020678
        98.6785       0.734459       0.702086      -0.400027     0.00191964
        99.6677       0.735724        0.69861      -0.402142     0.00181703
        100.166       0.730887        0.69098      -0.405357     0.00183742
        100.667       0.733449       0.688633      -0.408792     0.00175511
         101.17       0.741432       0.693548       -0.40872     0.00164332
        101.676       0.734774       0.692617      -0.407542     0.00185911
        102.184       0.730753       0.686092      -0.412455     0.00172825
        102.695       0.728285       0.690996       -0.40161     0.00190549
        103.209       0.725347       0.694694      -0.400573     0.00190641
        103.725       0.716552       0.686515      -0.400507     0.00186243
        104.244       0.710008       0.682689      -0.403672     0.00147515
        104.765       0.706554       0.692177      -0.393949     0.00191931
        105.289       0.714134       0.696479       -0.39715     0.00191894
        105.815       0.711884       0.703875      -0.390937     0.00197153
        106.344       0.718998       0.707086      -0.393276     0.00169851
        107.947       0.718638       0.705164      -0.394484     0.00187062
        108.487       0.726047        0.70548      -0.396508      0.0019771
        109.029       0.730456       0.700121      -0.399817     0.00173471
        109.575        0.72951        0.69184      -0.407579     0.00169718
        111.226       0.730522       0.689785      -0.406982      0.0018123
        111.783       0.732026       0.684144       -0.40951     0.00182765
        112.341       0.727244       0.687157      -0.405111     0.00170461
        112.903       0.718251       0.694144      -0.402118     0.00175751
        113.468       0.716695       0.697528      -0.398977     0.00172733
        115.178       0.715599        0.69958      -0.398486     0.00196559
        115.754       0.720202       0.692388      -0.402635     0.00165114
        116.333       0.728276       0.687203       -0.40809     0.00168741
        116.915       0.729911       0.688222      -0.405825     0.00179993
        117.499       0.725927       0.679165      -0.410253     0.00164583
        118.677       0.729593       0.677696      -0.414349     0.00122218
         119.27       0.722342       0.680713       -0.40946     0.00172719
        119.867       0.731946        0.68533       -0.40867     0.00168638
        120.466       0.724644        0.67866      -0.407522     0.00150791
        121.068       0.729152       0.677359      -0.410143     0.00172204
        121.674       0.726225       0.681725      -0.408586     0.00137591
        122.282       0.733196        0.68701      -0.408463     0.00184118
        122.894       0.738478       0.685411      -0.410934     0.00166766
        124.746       0.737197       0.682686      -0.413297     0.00160026
         125.37       0.739973       0.679456      -0.413226     0.00172477
        125.997       0.749579       0.673653      -0.421267     0.00169294
        126.627       0.746341       0.672892       -0.42016     0.00151922
         127.26       0.755679       0.674021      -0.421666     0.00178668
        128.536       0.757378       0.673438      -0.420153     0.00153513
        129.824       0.761149       0.669795      -0.423407     0.00149559
        130.473       0.751581       0.662964      -0.424926     0.00132341
        131.126       0.757801        0.66993      -0.423292     0.00159526
        131.781       0.766524        0.66961      -0.423441     0.00164731
         132.44       0.768643       0.661122      -0.428418     0.00140473
        133.102        0.77444       0.670068      -0.427446     0.00136067
        133.768       0.777716       0.666552      -0.429396      0.0015861
        135.785       0.777598       0.663817       -0.43016     0.00160353
        136.463       0.778846       0.654455      -0.434062      0.0013084
        137.146       0.781972       0.654587      -0.434069     0.00157882
        137.832       0.776175       0.644754      -0.437557     0.00131226
        138.521       0.786127       0.647481      -0.439102     0.00123971
        139.213       0.789166       0.642257      -0.439649      0.0011848
        139.909       0.792187       0.636917       -0.44174     0.00125279
        141.312       0.792735       0.638498      -0.441079     0.00144897
        142.018       0.784187       0.632502        -0.4413     0.00122502
        142.729       0.790599       0.632016      -0.442877     0.00119909
        143.442       0.789135       0.632357      -0.442803     0.00126743
        144.159       0.788313       0.641229      -0.441098     0.00123195
         144.88       0.792385       0.632875      -0.444172     0.00116772
        145.605       0.788781       0.629202      -0.441756     0.00110505
        146.333       0.793089       0.628796      -0.443343     0.00122577
        147.064       0.793509       0.632476      -0.443791     0.00124933
          147.8       0.795253       0.624533      -0.444048     0.00149234
        150.028       0.795864       0.622532      -0.444354     0.00125221
        150.778       0.799295       0.624111      -0.442516      0.0011879
        151.532       0.809213       0.623715      -0.442788     0.00118628
        152.289       0.804963       0.624693      -0.445893      0.0012208
        153.051       0.814211       0.617145      -0.445633     0.00111883
        153.816        0.80631       0.615326      -0.445326     0.00115224
        154.585       0.797152       0.611249      -0.442777     0.00111018
        155.358       0.798216       0.613336      -0.446109     0.00130315
        156.135       0.791571       0.609265      -0.443853    0.000980912
        156.916       0.782667       0.609489      -0.442189     0.00100944
          157.7       0.778249       0.607364      -0.441235     0.00118061
        158.489       0.782419       0.605312      -0.444125     0.00116834
        159.281        0.78762       0.613927      -0.443654     0.00113666
        160.078       0.787906       0.621711      -0.445516     0.00104933
        161.682        0.79033       0.618889      -0.446698     0.00123899
        162.491       0.791896       0.617414      -0.442463     0.00125577
        163.303       0.790084       0.611181      -0.443655     0.00129789
         164.12       0.796281       0.603864      -0.442038     0.00120321
         164.94       0.797364       0.611808      -0.445514     0.00122941
        166.594       0.796965       0.612561      -0.444713     0.00128656
        167.427       0.805328       0.603208      -0.443774     0.00110751
        168.264       0.809138        0.60839      -0.442706     0.00130104
        169.105       0.812922       0.599509       -0.44151      0.0012818
        169.951       0.813679       0.594125      -0.440706     0.00138595
        170.801       0.819708       0.602887      -0.440639     0.00131472
        171.655       0.821188       0.600359      -0.440541     0.00130829
        172.513        0.81259       0.590809      -0.439968     0.00125575
        173.375       0.811364       0.592487      -0.439072     0.00128198
        174.242       0.810984       0.594593      -0.439289     0.00124699
        175.113       0.813061       0.593069      -0.440394      0.0014239
        177.753       0.812568       0.591612       -0.44086     0.00131006
        181.335       0.811832       0.591565      -0.438964     0.00132068
        182.242       0.803668       0.591699      -0.440134     0.00135853
        184.069       0.806036       0.593579      -0.439891     0.00134482
        184.989       0.805621        0.59844       -0.44165     0.00104765
        185.914       0.797403       0.594577      -0.440448     0.00126288
        187.778       0.799287       0.595298       -0.44008     0.00119186
        188.717       0.804122       0.597816      -0.441268     0.00127553
         189.66       0.811609       0.601488      -0.444222     0.00119085
        190.609       0.806526       0.603439      -0.441648     0.00128284
        191.562       0.804359        0.60076      -0.444007     0.00132136
        194.449       0.806911       0.599136      -0.442817     0.00146788
        195.422       0.809158       0.606993       -0.44435     0.00134757
        196.399       0.816861       0.609617      -0.444307     0.00131385
        197.381       0.820738       0.604545      -0.442393     0.00117534
        198.368       0.815059         0.6043      -0.444049     0.00133519
        200.356       0.810727       0.607067      -0.442706     0.00121162
        201.358       0.804697       0.597217      -0.440748     0.00124509
        202.365       0.796308       0.596796      -0.441616     0.00126574
        203.377       0.794871       0.601607      -0.444238     0.00117109
        204.394        0.79279        0.60601      -0.443752     0.00114095
        206.443       0.789944        0.60203      -0.442732     0.00111661
        207.475       0.792762        0.59581       -0.44017     0.00117037
        208.512       0.786911       0.591418      -0.439776     0.00129662
        209.555       0.780912       0.593966      -0.440181     0.00108886
        210.603        0.78712       0.589907      -0.439199     0.00143755
        211.656       0.795301       0.592248      -0.440035     0.00133474
        212.714       0.804307       0.598087      -0.440266     0.00126011
        213.777       0.800081       0.601646      -0.444746     0.00113722
        214.846       0.790151       0.597523      -0.441928      0.0013044
        215.921       0.793197       0.601388      -0.441385     0.00112041
            217       0.792448       0.611148       -0.44311     0.00129525
        218.085       0.791537       0.620216      -0.444788     0.00123942
        219.176       0.785317       0.620042      -0.444197    0.000999205
        221.373       0.781598       0.620128      -0.441872     0.00129409
         222.48        0.78162        0.62776      -0.441862     0.00129069
         224.71       0.782948          0.632      -0.441286     0.00124902
        225.834       0.784089        0.64097       -0.43757      0.0013568
        226.963       0.792584       0.638314      -0.440352     0.00126878
        228.098       0.793084       0.631004      -0.442302     0.00126133
        229.238       0.787251       0.637847      -0.440738     0.00130281
        231.536       0.790128       0.633366      -0.442402     0.00107797
        233.857       0.785798       0.635314      -0.441252     0.00128149
        236.202       0.785779       0.639376       -0.43788     0.00125032
         238.57       0.786866        0.64256      -0.438769     0.00129433
        239.763       0.792685       0.633174      -0.443048     0.00117848
        240.961       0.790601       0.628837      -0.441926     0.00125266
        242.166       0.799351       0.624573      -0.442036     0.00126203
        243.377       0.804105       0.618548      -0.444102     0.00120394
        244.594       0.810937       0.613168       -0.44214     0.00150344
        245.817       0.816536       0.605801      -0.443518     0.00113269
        247.046       0.817932       0.606261      -0.443373     0.00124629
        248.281       0.810965       0.613487      -0.443373     0.00122782
        249.523       0.815438       0.611056      -0.442009     0.00121511
         250.77       0.806165       0.605004      -0.443003     0.00122924
        252.024       0.816104       0.614915      -0.445877     0.00133838
        253.284       0.815142       0.617564      -0.443213     0.00114781
        254.551       0.811817       0.616884      -0.443417      0.0012315
        255.823       0.808126       0.616786      -0.444176     0.00117066
        258.388       0.811012       0.615553      -0.443898     0.00111781
         259.68       0.811335       0.616307      -0.443905     0.00121948
        260.978       0.814281       0.623451      -0.442488     0.00111338
        262.283       0.812672       0.614928      -0.443708     0.00114858
        264.913       0.813931       0.616191      -0.443195     0.00122741
        266.237       0.809436       0.609335      -0.443862     0.00110631
        267.568       0.800391       0.614554      -0.443681     0.00118713
        268.906       0.802923       0.621025       -0.44518     0.00111818
