0   33.8578
1   32.8084
2   31.886
3   30.8882
4   29.906
5   29.1516
6   28.5248
7   27.9625
8   27.642
9   27.0234
10   26.5561
11   26.1096
12   25.7051
13   25.1401
14   24.634
15   24.0016
16   23.5698
17   23.2145
18   22.7846
19   22.3186
20   21.9671
21   21.426
22   20.8093
23   20.2943
24   19.8354
25   19.3697
26   19.0194
27   18.726
28   18.2846
29   18.0202
30   17.7449
31   17.4482
32   17.2371
33   17.0119
34   16.8119
35   16.6271
36   16.4865
37   16.4098
38   16.1982
39   15.9493
40   15.8106
41   15.6338
42   15.4683
43   15.2859
44   15.115
45   14.9365
46   14.7713
47   14.5649
48   14.4749
49   14.3371
50   14.2224
51   14.0516
52   13.9161
53   13.8967
54   13.7355
55   13.5942
56   13.4547
57   13.4028
58   13.2982
59   13.1885
60   13.0814
61   13.0233
62   12.9291
63   12.833
64   12.7768
65   12.7139
66   12.6444
67   12.6397
68   12.5974
69   12.5669
70   12.5355
71   12.5368
72   12.5044
73   12.5155
74   12.5493
75   12.5785
76   12.5689
77   12.5436
78   12.5557
79   12.5567
80   12.5739
81   12.5826
82   12.6507
83   12.7192
84   12.6275
85   12.6501
86   12.6423
87   12.6489
88   12.598
89   12.6117
90   12.5967
91   12.6103
92   12.5226
93   12.4989
94   12.4372
95   12.3959
96   12.354
97   12.3219
98   12.243
99   12.2299
100   12.2128
101   12.2294
102   12.2745
103   12.2523
104   12.3065
105   12.2984
106   12.4281
107   12.473
108   12.5842
109   12.7335
110   12.8618
111   12.7935
112   12.6586
113   12.5437
114   12.586
115   12.5535
116   12.5034
117   12.4637
118   12.3907
119   12.3756
120   12.3872
121   12.3769
122   12.2898
123   12.1186
124   12.0522
125   11.9965
126   11.9647
127   11.9233
128   11.9228
129   11.7855
130   11.7399
131   11.6429
132   11.5692
133   11.5031
134   11.4712
135   11.4324
136   11.3745
137   11.3862
138   11.3566
139   11.329
140   11.2568
141   11.2257
142   11.3035
143   11.3275
144   11.2806
145   11.2086
146   11.0461
147   11.0367
148   10.9964
149   11.0342
150   11.0738
151   10.9296
152   10.8899
153   10.7972
154   10.7188
155   10.6755
156   10.6598
157   10.583
158   10.5162
159   10.4443
160   10.387
161   10.3885
162   10.3696
163   10.3673
164   10.3634
165   10.3779
166   10.3907
167   10.3557
168   10.368
169   10.3761
170   10.3921
171   10.4645
172   10.4544
173   10.3771
174   10.4151
175   10.3905
176   10.4351
177   10.4575
178   10.3841
179   10.3624
180   10.3776
181   10.3461
182   10.3714
183   10.363
184   10.3784
185   10.3295
186   10.3658
187   10.3297
188   10.3384
189   10.296
190   10.2479
191   10.2275
192   10.2195
193   10.1846
194   10.1771
195   10.1515
196   10.1752
197   10.1926
198   10.1712
199   10.145
200   10.1504
201   10.1522
202   10.1356
203   10.1163
204   10.1089
205   10.1067
206   10.1015
207   10.0972
208   10.0914
209   10.088
210   10.0818
211   10.0768
212   10.0727
213   10.0709
214   10.0663
215   10.0638
216   10.0589
217   10.0517
218   10.0439
219   10.0348
220   10.0219
221   10.0096
222   10.0046
223   10.0018
224   10.0208
225   10.0176
226   9.99201
227   9.99503
228   9.97572
229   9.97261
230   9.98781
231   9.97836
232   9.99165
233   9.97934
234   9.97385
235   9.96855
236   9.97107
237   9.9721
238   10.0008
239   9.97416
240   9.98163
241   9.97114
242   9.98911
243   9.96852
244   9.96961
245   9.9708
246   9.96852
247   9.98003
248   9.99
249   9.97645
250   9.96873
251   9.97135
252   9.97424
253   9.99858
254   9.97536
255   9.97865
256   9.98667
257   9.99797
258   10.0034
259   9.97372
260   9.9945
261   10.0216
262   9.99479
263   9.97778
264   9.9839
265   10.0141
266   9.98254
267   9.97149
268   9.96917
269   9.96937
270   9.96937
271   9.97756
272   9.97716
273   9.96921
274   9.96968
275   9.96852
276   9.97183
277   9.98531
278   9.99999
279   9.97978
280   9.98025
281   10.0055
282   10.0412
283   10.0079
284   10.0241
285   10.0003
286   10.0083
287   10.0414
288   10.0627
289   10.0825
290   10.0985
291   10.2078
292   10.184
293   10.2177
294   10.2211
295   10.3223
296   10.3641
297   10.4506
298   10.5305
299   10.6324
300   10.6302
301   10.7077
302   10.6725
303   10.6361
304   10.5833
305   10.5824
306   10.4687
307   10.4105
308   10.3747
309   10.3705
310   10.2924
311   10.2558
312   10.262
313   10.2333
314   10.1503
315   10.0762
316   10.0459
317   10.0441
318   10.0239
319   10.0013
320   10.0538
321   10.0082
322   10.0243
323   10.0481
324   10.023
325   10.0445
326   10.0643
327   9.97438
328   9.97263
329   9.98
330   9.96852
331   9.96891
332   9.96852
333   9.99385
334   9.96866
335   9.98707
336   9.96852
337   9.96852
338   9.96979
339   9.97947
340   9.98661
341   9.97025
342   9.96852
343   9.96852
344   9.96852
345   9.97136
346   9.98522
347   9.99924
348   9.98286
349   9.97372
350   9.97296
351   9.9686
352   9.96852
353   9.96852
354   9.97923
355   9.99463
356   10.024
357   9.98586
358   9.98509
359   9.97468
360   9.98752
361   9.98272
362   9.98614
363   9.98809
364   9.99869
365   10.0277
366   9.99582
367   9.99598
368   9.99973
369   9.98653
370   9.98075
371   9.96852
372   9.97045
373   9.97324
374   10.0173
375   10.0411
376   10.0183
377   10.0153
378   9.99877
379   10.0075
380   9.98084
381   9.96869
382   9.97907
383   9.99229
384   9.96852
385   9.9731
386   9.98619
387   10.0422
388   10.0342
389   10.0204
390   10.0109
391   10.0246
392   10.0308
393   9.98794
394   9.9697
395   9.96904
396   9.97078
397   9.98354
398   9.98801
399   9.96859
400   9.99352
401   10.0364
402   10.0176
403   10.0259
404   9.98949
405   10.0102
406   9.97474
407   9.97532
408   10.013
409   9.9836
410   9.98956
411   9.99472
412   10.0091
413   10.0257
414   10.0631
415   10.0709
416   10.0057
417   10.0154
418   10.0138
419   9.97033
420   9.96861
421   9.96852
422   9.96852
423   9.96968
424   9.97494
425   9.97413
426   9.97027
427   9.96852
428   9.97004
429   9.98212
430   10.0475
431   10.0825
432   9.97659
433   9.98147
434   10.0195
435   9.98935
436   9.99066
437   9.97116
438   9.98793
439   9.97264
440   9.96852
441   9.97309
442   10.0004
443   9.99542
444   9.97881
445   9.969
446   9.96852
447   9.96852
448   9.99082
449   10.002
450   10.0183
451   10.012
452   9.98594
453   9.97861
454   9.97667
455   9.9716
456   9.97462
457   9.98682
458   10.0072
459   9.96921
460   9.97444
461   9.97042
462   9.96945
463   9.97153
464   9.96867
465   9.96861
466   9.97051
467   9.97517
468   9.99508
469   10.02
470   10.0167
471   9.99964
472   9.9774
473   9.99494
474   9.98276
475   9.97694
476   9.96955
477   9.96852
478   9.96855
479   9.96855
480   9.96852
481   9.96857
482   9.96852
483   9.98732
484   9.9824
485   9.96991
486   9.98348
487   9.98271
488   9.97998
489   9.97613
490   9.97114
491   9.96914
492   9.96855
493   9.97855
494   9.96997
495   9.96852
496   9.96915
497   9.96852
498   9.96998
499   9.96887
500   9.98668
501   9.97249
502   9.9846
503   9.96852
504   9.9697
505   9.9697
506   9.96861
507   9.96852
508   9.96852
509   9.96852
510   9.98139
511   9.9977
512   10.0761
513   10.0894
514   10.1075
515   10.0435
516   10.0138
517   9.98888
518   9.9722
519   9.97562
520   9.97258
521   9.9692
522   9.97332
523   10.0221
524   9.97424
525   9.9748
526   9.96856
527   9.96954
528   9.96988
529   9.96852
530   9.96852
531   9.9789
532   9.99368
533   10.0581
534   10.096
535   10.1058
536   10.1252
537   10.0784
538   10.0611
539   10.047
540   10.0566
541   10.0215
542   9.97185
543   9.98677
544   9.98264
545   9.96852
546   9.96852
547   9.96873
548   9.97989
549   9.97709
550   9.99852
551   10.0071
552   9.99308
553   10.0165
554   10.032
555   10.0358
556   10.0715
557   10.0137
558   10.0063
559   10.0372
560   10.0237
561   10.0133
562   10.0178
563   10.0006
564   9.9826
565   9.98681
566   9.98416
567   9.97858
568   10.0078
569   9.9762
570   9.97873
571   9.9957
572   9.96965
573   9.97094
574   9.97847
575   9.97643
576   9.98588
577   9.98802
578   9.98605
579   10.0113
580   10.0183
581   10.0022
582   9.9833
583   9.99867
584   9.98702
585   10.0386
586   10.0404
587   10.0406
588   10.0276
589   10.0199
590   10.0021
591   9.99292
592   10.0319
593   10.0529
594   10.0716
595   10.064
596   10.0575
597   10.0415
598   9.99137
599   9.98831
600   9.98316
601   9.99086
602   9.96863
603   10.0097
604   10.0148
605   9.99451
606   9.9736
607   9.96863
608   9.96852
609   9.96856
610   9.96943
611   9.96965
612   9.97109
613   9.97602
614   9.96886
615   9.97048
616   9.99398
617   10.0188
618   9.99591
619   9.99114
620   10.0191
621   10.0142
622   9.98654
623   10.0069
624   9.99807
625   10.0173
626   9.99383
627   9.97809
628   10.0046
629   9.9886
630   9.99302
631   10.0036
632   10.0034
633   9.97046
634   9.96888
635   9.97705
636   9.96852
637   9.96852
638   9.98749
639   10.0106
640   9.99727
641   10.0113
642   10.0084
643   9.97157
644   10.003
645   10.0279
646   10.0033
647   10.0429
648   10.031
649   10.0116
650   9.99782
651   9.97396
652   9.96852
653   9.97899
654   9.9688
655   9.98467
656   9.98014
657   10.0002
658   9.98386
659   9.97474
660   9.96856
661   9.97042
662   9.99357
663   10.0448
664   10.1172
665   10.0034
666   10.0269
667   10.0607
668   10.0574
669   10.0023
670   9.99749
671   9.99073
672   9.98287
673   9.97216
674   9.96852
675   9.96852
676   9.97402
677   10.023
678   9.99974
679   9.99665
680   10.0098
681   10.0027
682   10.0159
683   9.98704
684   9.99748
685   10.0185
686   9.98393
687   9.98694
688   9.99676
689   9.99326
690   9.96986
691   9.97428
692   9.97779
693   9.96996
694   9.96854
695   9.96852
696   9.96852
697   9.96852
698   9.96852
699   9.96852
700   9.97576
701   9.98503
702   9.97646
703   9.97584
704   9.98071
705   9.98937
706   9.99157
707   9.976
708   9.97322
709   9.97032
710   9.98036
711   9.97853
712   9.96852
713   9.96852
714   9.96852
715   9.96852
716   9.96852
717   9.96852
718   9.96852
719   9.96852
720   9.96852
721   9.9929
722   9.98747
723   9.96874
724   9.96852
725   9.97678
726   10.0303
727   10.0098
728   9.99426
729   10.0219
730   9.97439
731   9.97449
732   10.0001
733   9.98227
734   9.96951
735   9.97159
736   9.96852
737   9.96852
738   9.96858
739   9.9791
740   9.97719
741   9.9764
742   9.96912
743   10.0054
744   10.0131
745   9.99293
746   9.98342
747   9.97285
748   9.9725
749   9.97821
750   9.96993
751   9.97609
752   9.97592
753   9.98272
754   9.97341
755   9.96852
756   9.97854
757   9.9828
758   9.97603
759   9.99377
760   10.049
761   10.0037
762   10.0202
763   10.0101
764   9.99969
765   9.99171
766   9.98207
767   9.98801
768   9.98889
769   9.97445
770   9.99761
771   9.98884
772   9.98208
773   9.98207
774   10.0092
775   9.98488
776   10.0158
777   10.0013
778   10.01
779   10.0161
780   10.0173
781   10.0055
782   10.0057
783   9.97569
784   9.97537
785   9.96852
786   9.96852
787   9.97196
788   9.99215
789   9.97492
790   9.9724
791   9.97698
792   9.96917
793   9.96852
794   9.96854
795   9.97999
796   10.0007
797   9.99567
798   9.98582
799   9.98108
800   9.97809
801   9.98436
802   10.0647
803   10.0186
804   9.97826
805   9.96874
806   9.9717
807   9.98223
808   10.0112
809   9.99429
810   10.0614
811   10.0186
812   10.024
813   10.0095
814   10.0082
815   10.036
816   10.0172
817   10.0314
818   10.0153
819   10.0241
820   10.0845
821   10.0554
822   10.0417
823   10.0142
824   10.0311
825   10.0797
826   10.0591
827   10.0064
828   9.99952
829   9.98403
830   9.97682
831   9.98592
832   9.99794
833   10.0114
834   9.98166
835   10.0345
836   10.0044
837   9.98042
838   9.9903
839   9.99754
840   9.97844
841   9.98496
842   9.97149
843   9.98869
844   9.99426
845   9.98493
846   10.0254
847   10.0172
848   9.97444
849   9.98205
850   9.98376
851   9.96852
852   9.97163
853   9.97889
854   9.96852
855   9.97085
856   9.98698
857   10.0206
858   9.99768
859   9.97718
860   9.96866
861   9.96852
862   9.96852
863   9.96852
864   9.96959
865   9.9706
866   9.97677
867   9.98123
868   9.98622
869   10.0232
870   10.0256
871   10.0162
872   9.99965
873   9.98486
874   9.97477
875   9.9809
876   9.999
877   10.013
878   10
879   9.97224
880   9.97594
881   9.99772
882   9.96852
883   9.96852
884   9.96852
885   9.96852
886   9.96852
887   9.96852
888   9.96965
889   9.96862
890   9.96898
891   9.98635
892   10.0025
893   9.97977
894   9.96923
895   9.97036
896   9.96886
897   9.96885
898   9.96852
899   9.98699
900   9.97798
901   9.97095
902   9.96981
903   9.96888
904   9.98021
905   9.97735
906   9.97327
907   9.97623
908   9.97759
909   9.98461
910   9.97209
911   9.97417
912   9.96966
913   9.98201
914   9.9908
915   9.98514
916   9.97584
917   10.0147
918   10.0141
919   9.98179
920   9.97411
921   9.97346
922   9.96852
923   9.97497
924   9.97152
925   9.98601
926   9.97893
927   10.0142
928   10.0105
929   10.0067
930   9.98593
931   9.97044
932   9.97392
933   9.99645
934   9.99519
935   9.97657
936   9.97074
937   9.96852
938   9.96852
939   9.96852
940   9.97048
941   9.98236
942   9.97747
943   9.98964
944   10.0187
945   9.97102
946   9.9785
947   9.98122
948   9.98333
949   9.97246
950   9.97035
951   9.9689
952   9.98534
953   9.97035
954   9.96931
955   9.96984
956   9.98365
957   10.0193
958   9.98444
959   10.0123
960   10.0242
961   10.0496
962   10.0218
963   10.048
964   10.0547
965   10.0017
966   9.99516
967   9.98871
968   9.99358
969   9.98387
970   10.0145
971   10.0175
972   9.97547
973   9.97022
974   9.96954
975   9.9808
976   9.97326
977   9.96868
978   9.97732
979   9.98638
980   10.0062
981   10.0314
982   9.99437
983   10.055
984   10.0397
985   10.0201
986   9.97366
987   9.96964
988   9.97466
989   9.98524
990   9.99958
991   9.97792
992   10.0058
993   10.0006
994   10.0208
995   10.0232
996   9.99926
997   9.98711
998   9.99798
999   9.96852
