0   476.334
1   461.206
2   446.551
3   433.615
4   421.877
5   410.965
6   402.629
7   394.803
8   387.559
9   380.881
10   374.451
11   367.13
12   360.005
13   352.149
14   343.62
15   333.664
16   323.62
17   313.89
18   306.65
19   300.06
20   295.143
21   291.094
22   287.599
23   284.855
24   282.073
25   279.501
26   276.867
27   274.38
28   271.851
29   269.27
30   266.851
31   264.634
32   262.648
33   260.492
34   258.442
35   256.369
36   254.51
37   252.649
38   250.386
39   247.955
40   245.515
41   242.609
42   239.447
43   235.838
44   231.688
45   227.776
46   224.104
47   220.964
48   217.909
49   215.89
50   214.04
51   212.312
52   210.869
53   210.013
54   208.559
55   207.84
56   206.34
57   204.553
58   202.782
59   200.759
60   198.306
61   196.022
62   193.685
63   191.584
64   189.988
65   188.979
66   187.572
67   186.397
68   185.214
69   184.291
70   183.348
71   181.975
72   180.459
73   179.017
74   177.328
75   175.348
76   173.555
77   171.809
78   170.106
79   168.549
80   167.162
81   165.948
82   164.915
83   163.527
84   162.345
85   160.988
86   159.331
87   157.902
88   156.732
89   155.453
90   154.41
91   153.117
92   151.849
93   150.565
94   149.136
95   147.889
96   146.882
97   145.778
98   144.779
99   143.684
100   142.604
101   141.396
102   139.932
103   138.16
104   136.351
105   134.874
106   133.69
107   132.873
108   131.639
109   130.555
110   129.086
111   127.813
112   126.128
113   124.56
114   123.322
115   122.221
116   120.963
117   120.036
118   119.418
119   118.879
120   118.293
121   117.896
122   117.243
123   116.722
124   116.282
125   115.59
126   115.042
127   114.317
128   113.719
129   113.094
130   112.519
131   112.001
132   111.53
133   111.22
134   111.093
135   110.887
136   110.706
137   110.734
138   110.27
139   109.775
140   109.27
141   108.895
142   108.497
143   108.188
144   107.869
145   107.592
146   107.487
147   107.057
148   106.819
149   106.461
150   106.094
151   105.66
152   105.174
153   104.654
154   103.982
155   103.378
156   102.808
157   102.32
158   101.903
159   101.348
160   100.698
161   100.145
162   99.7236
163   99.2805
164   98.9151
165   98.5062
166   98.2055
167   97.9133
168   97.6857
169   97.6175
170   97.6014
171   97.3015
172   97.1981
173   97.0457
174   96.6371
175   96.5326
176   95.9774
177   95.5495
178   95.2348
179   94.9167
180   94.8836
181   94.8944
182   94.8082
183   94.878
184   95.0836
185   95.1075
186   95.0348
187   94.7173
188   94.2054
189   93.7386
190   93.1572
191   92.5715
192   92.1607
193   91.5999
194   91.3413
195   90.9961
196   90.6023
197   90.1657
198   89.7784
199   89.4495
200   89.0121
201   88.7012
202   88.4317
203   88.1058
204   87.8907
205   87.5815
206   87.3032
207   87.035
208   86.8948
209   86.7988
210   86.6268
211   86.4875
212   86.3582
213   86.2122
214   86.0324
215   85.8191
216   85.6639
217   85.4742
218   85.2093
219   84.9989
220   84.7521
221   84.564
222   84.2896
223   84.0594
224   83.8668
225   83.6574
226   83.4914
227   83.3853
228   83.2439
229   83.067
230   82.8736
231   82.7174
232   82.5888
233   82.3855
234   82.2438
235   82.0692
236   81.887
237   81.736
238   81.5965
239   81.4955
240   81.3768
241   81.2694
242   81.1873
243   81.0554
244   80.9564
245   80.8753
246   80.7939
247   80.7408
248   80.6752
249   80.6408
250   80.541
251   80.5041
252   80.4235
253   80.2796
254   80.1354
255   79.9862
256   79.9043
257   79.828
258   79.7722
259   79.749
260   79.6486
261   79.5658
262   79.4839
263   79.3686
264   79.2924
265   79.2386
266   79.13
267   79.0074
268   78.8627
269   78.7509
270   78.6686
271   78.5761
272   78.5201
273   78.4466
274   78.2996
275   78.1768
276   78.1961
277   78.1465
278   78.0507
279   78.0685
280   78.0776
281   78.1825
282   78.1496
283   78.3046
284   78.6172
285   78.6764
286   79.021
287   79.4987
288   79.9349
289   80.0577
290   80.3367
291   80.4609
292   80.7829
293   80.9572
294   80.6
295   80.7665
296   80.7062
297   80.2791
298   79.9886
299   79.8483
300   79.7017
301   79.3537
302   79.2273
303   79.0377
304   78.7194
305   78.5865
306   78.5552
307   78.3018
308   77.8832
309   77.3932
310   76.9356
311   76.6162
312   76.4001
313   76.3139
314   76.1831
315   76.0775
316   75.9946
317   75.9095
318   75.8935
319   75.8295
320   75.7598
321   75.7005
322   75.6037
323   75.5314
324   75.4075
325   75.2615
326   75.2506
327   75.1382
328   75.1057
329   75.0564
330   74.8915
331   74.797
332   74.6538
333   74.5777
334   74.446
335   74.3865
336   74.3913
337   74.3457
338   74.365
339   74.6662
340   74.8033
341   74.7904
342   74.7913
343   74.7931
344   74.6225
345   74.2794
346   74.1295
347   73.9468
348   73.8015
349   73.6712
350   73.6336
351   73.6375
352   73.6526
353   73.5631
354   73.6071
355   73.5664
356   73.4962
357   73.5088
358   73.5
359   73.5645
360   73.5129
361   73.5334
362   73.4979
363   73.4751
364   73.4498
365   73.438
366   73.4553
367   73.5176
368   73.495
369   73.5277
370   73.5433
371   73.5941
372   73.6454
373   73.7721
374   73.883
375   74.2006
376   74.3805
377   74.4456
378   74.9254
379   75.3486
380   75.5389
381   75.4027
382   75.1163
383   74.8434
384   74.4618
385   74.2991
386   73.8938
387   73.5903
388   73.5915
389   73.4808
390   73.4398
391   73.4005
392   73.3554
393   73.3512
394   73.334
395   73.2976
396   73.3003
397   73.3291
398   73.2936
399   73.2929
400   73.2925
401   73.3062
402   73.3286
403   73.313
404   73.3025
405   73.3101
406   73.2883
407   73.3047
408   73.3011
409   73.2968
410   73.3186
411   73.3007
412   73.2982
413   73.3158
414   73.3033
415   73.2948
416   73.3209
417   73.3699
418   73.3924
419   73.3711
420   73.3439
421   73.3251
422   73.3054
423   73.2476
424   73.1597
425   73.0607
426   72.876
427   72.8028
428   72.6432
429   72.489
430   72.424
431   72.3552
432   72.272
433   72.2347
434   72.1941
435   72.1695
436   72.1702
437   72.1624
438   72.1363
439   72.1135
440   72.0922
441   72.0499
442   71.9899
443   71.946
444   71.9258
445   71.9047
446   71.8879
447   71.8838
448   71.8735
449   71.8763
450   71.8738
451   71.8753
452   71.895
453   71.8908
454   71.8776
455   71.8978
456   71.9104
457   71.9063
458   71.949
459   71.9133
460   71.892
461   71.9235
462   71.88
463   71.8805
464   71.8747
465   71.8771
466   71.8771
467   71.8833
468   71.8936
469   71.8856
470   71.877
471   71.901
472   71.8879
473   71.8977
474   71.8837
475   71.8781
476   71.9123
477   71.9516
478   72.0612
479   72.1245
480   72.3925
481   72.3366
482   72.2272
483   72.0458
484   71.9365
485   71.9772
486   71.8718
487   71.8256
488   71.8247
489   71.8389
490   71.8349
491   71.8097
492   71.8148
493   71.7934
494   71.7921
495   71.7984
496   71.7983
497   71.8043
498   71.8173
499   71.841
500   71.8311
501   71.8257
502   71.8019
503   71.8282
504   71.8004
505   71.8227
506   71.8112
507   71.8232
508   71.8256
509   71.8266
510   71.8353
511   71.8291
512   71.8036
513   71.8417
514   71.8461
515   71.802
516   71.7886
517   71.7554
518   71.7355
519   71.7317
520   71.7256
521   71.7555
522   71.7391
523   71.7119
524   71.715
525   71.7097
526   71.7279
527   71.8087
528   71.7197
529   71.7465
530   71.8246
531   72.0571
532   72.145
533   72.1302
534   72.388
535   72.6289
536   72.7957
537   73.1033
538   73.1609
539   73.1287
540   72.8922
541   72.3863
542   71.6469
543   70.933
544   70.1374
545   69.5315
546   68.8534
547   68.4849
548   68.1023
549   67.9519
550   67.7804
551   67.6494
552   67.6284
553   67.6066
554   67.5968
555   67.5973
556   67.5968
557   67.5984
558   67.5968
559   67.604
560   67.6184
561   67.6004
562   67.6025
563   67.5983
564   67.5968
565   67.6067
566   67.6245
567   67.6197
568   67.6177
569   67.5968
570   67.6022
571   67.6145
572   67.6173
573   67.6001
574   67.5974
575   67.5968
576   67.5968
577   67.5968
578   67.6095
579   67.6101
580   67.6006
581   67.5998
582   67.5968
583   67.6031
584   67.5994
585   67.5968
586   67.5968
587   67.5968
588   67.5968
589   67.5968
590   67.5968
591   67.5988
592   67.6401
593   67.6585
594   67.6384
595   67.6194
596   67.6564
597   67.6337
598   67.6342
599   67.6311
600   67.6326
601   67.5968
602   67.619
603   67.6018
604   67.5978
605   67.5968
606   67.6106
607   67.6111
608   67.6011
609   67.6294
610   67.6011
611   67.5968
612   67.5968
613   67.6087
614   67.6389
615   67.6255
616   67.6099
617   67.6413
618   67.6117
619   67.6026
620   67.5968
621   67.5986
622   67.6381
623   67.6139
624   67.6037
625   67.6084
626   67.6379
627   67.6622
628   67.6341
629   67.6227
630   67.6449
631   67.6266
632   67.6319
633   67.6356
634   67.6052
635   67.6056
636   67.6022
637   67.6211
638   67.6497
639   67.6461
640   67.6718
641   67.634
642   67.609
643   67.6361
644   67.6137
645   67.6039
646   67.6179
647   67.5971
648   67.6047
649   67.6764
650   67.7015
651   67.6604
652   67.6429
653   67.6057
654   67.5968
655   67.5994
656   67.5995
657   67.6099
658   67.6297
659   67.6091
660   67.6339
661   67.6288
662   67.6025
663   67.6024
664   67.5968
665   67.5968
666   67.5988
667   67.6081
668   67.6302
669   67.6012
670   67.6116
671   67.6255
672   67.6124
673   67.6023
674   67.6001
675   67.6061
676   67.6138
677   67.6043
678   67.6126
679   67.6074
680   67.6292
681   67.6954
682   67.6116
683   67.6109
684   67.5993
685   67.5968
686   67.5968
687   67.5983
688   67.6337
689   67.6091
690   67.6307
691   67.6467
692   67.6061
693   67.5968
694   67.5968
695   67.6136
696   67.6221
697   67.6066
698   67.597
699   67.5989
700   67.6287
701   67.6194
702   67.5999
703   67.6037
704   67.6206
705   67.604
706   67.6345
707   67.6648
708   67.6575
709   67.6498
710   67.6277
711   67.6045
712   67.5564
713   67.5163
714   67.4616
715   67.406
716   67.3699
717   67.3426
718   67.3183
719   67.3052
720   67.2897
721   67.2736
722   67.2891
723   67.2795
724   67.2717
725   67.2787
726   67.2811
727   67.3092
728   67.3
729   67.3
730   67.2706
731   67.2724
732   67.2694
733   67.2742
734   67.263
735   67.2632
736   67.2784
737   67.2804
738   67.2944
739   67.2811
740   67.2632
741   67.263
742   67.263
743   67.2897
744   67.2779
745   67.2649
746   67.2791
747   67.263
748   67.2631
749   67.263
750   67.263
751   67.2631
752   67.263
753   67.2728
754   67.263
755   67.263
756   67.2675
757   67.264
758   67.2668
759   67.2709
760   67.2633
761   67.2695
762   67.2818
763   67.2702
764   67.2785
765   67.3073
766   67.2733
767   67.2963
768   67.263
769   67.266
770   67.2877
771   67.2729
772   67.2724
773   67.2722
774   67.2681
775   67.263
776   67.267
777   67.2916
778   67.2711
779   67.2745
780   67.283
781   67.2697
782   67.2715
783   67.2891
784   67.2774
785   67.2724
786   67.3
787   67.2986
788   67.3022
789   67.2748
790   67.2814
791   67.3075
792   67.2653
793   67.263
794   67.263
795   67.2633
796   67.2702
797   67.277
798   67.2681
799   67.2902
800   67.3042
801   67.3214
802   67.2892
803   67.2831
804   67.2742
805   67.2683
806   67.2669
807   67.2762
808   67.2877
809   67.3372
810   67.3414
811   67.2811
812   67.2708
813   67.263
814   67.263
815   67.2735
816   67.2876
817   67.2912
818   67.2796
819   67.2881
820   67.2938
821   67.2731
822   67.2717
823   67.2685
824   67.2694
825   67.2686
826   67.2742
827   67.2892
828   67.2869
829   67.2853
830   67.2926
831   67.2929
832   67.2864
833   67.2565
834   67.2691
835   67.2353
836   67.2386
837   67.2763
838   67.3189
839   67.2261
840   67.171
841   67.1278
842   67.1352
843   67.1318
844   67.1212
845   67.1293
846   67.1249
847   67.1325
848   67.1326
849   67.1193
850   67.1627
851   67.1503
852   67.1383
853   67.1644
854   67.1662
855   67.1531
856   67.1639
857   67.131
858   67.1289
859   67.1319
860   67.176
861   67.1479
862   67.1469
863   67.1243
864   67.1296
865   67.1261
866   67.1193
867   67.1193
868   67.1229
869   67.1193
870   67.1193
871   67.1193
872   67.1193
873   67.122
874   67.1609
875   67.1788
876   67.1468
877   67.161
878   67.1421
879   67.1242
880   67.1267
881   67.1466
882   67.1923
883   67.1555
884   67.1884
885   67.1389
886   67.1772
887   67.1774
888   67.1741
889   67.1592
890   67.1426
891   67.1603
892   67.1981
893   67.1467
894   67.135
895   67.1293
896   67.1451
897   67.1849
898   67.1649
899   67.1706
900   67.1452
901   67.1721
902   67.1505
903   67.1727
904   67.1392
905   67.1499
906   67.1793
907   67.1561
908   67.151
909   67.1378
910   67.1614
911   67.1841
912   67.1522
913   67.1689
914   67.1879
915   67.1531
916   67.1719
917   67.1619
918   67.1636
919   67.1846
920   67.1263
921   67.1193
922   67.1193
923   67.1193
924   67.12
925   67.1385
926   67.1725
927   67.1404
928   67.1407
929   67.1378
930   67.1563
931   67.1609
932   67.124
933   67.1193
934   67.1653
935   67.1351
936   67.1427
937   67.1435
938   67.13
939   67.1315
940   67.1537
941   67.1583
942   67.1287
943   67.1228
944   67.1395
945   67.1285
946   67.1295
947   67.1457
948   67.1193
949   67.123
950   67.1193
951   67.1233
952   67.13
953   67.1386
954   67.1531
955   67.152
956   67.1417
957   67.1534
958   67.1305
959   67.1603
960   67.1519
961   67.1663
962   67.146
963   67.1628
964   67.2068
965   67.1715
966   67.171
967   67.2445
968   67.1891
969   67.1953
970   67.1783
971   67.1495
972   67.155
973   67.1638
974   67.16
975   67.1499
976   67.1578
977   67.1378
978   67.1298
979   67.1302
980   67.1271
981   67.1297
982   67.1193
983   67.1193
984   67.1193
985   67.1193
986   67.1222
987   67.1269
988   67.127
989   67.1298
990   67.146
991   67.1451
992   67.1329
993   67.1193
994   67.1387
995   67.1254
996   67.1227
997   67.1406
998   67.1369
999   67.1556
1000   67.1282
1001   67.1193
1002   67.1252
1003   67.1193
1004   67.1193
1005   67.1199
1006   67.1211
1007   67.1428
1008   67.1545
1009   67.1194
1010   67.1193
1011   67.1193
1012   67.1193
1013   67.1273
1014   67.1364
1015   67.1423
1016   67.1301
1017   67.1332
1018   67.1316
1019   67.1233
1020   67.1353
1021   67.1461
1022   67.1591
1023   67.1567
1024   67.1655
1025   67.127
1026   67.1263
1027   67.1374
1028   67.1303
1029   67.1484
1030   67.1501
1031   67.1969
1032   67.1346
1033   67.1441
1034   67.1498
1035   67.1282
1036   67.1281
1037   67.1236
1038   67.1233
1039   67.1751
1040   67.1952
1041   67.1655
1042   67.1553
1043   67.2135
1044   67.2371
1045   67.1812
1046   67.1549
1047   67.0807
1048   66.9811
1049   66.8637
1050   66.7324
1051   66.6428
1052   66.5378
1053   66.4854
1054   66.4569
1055   66.4406
1056   66.293
1057   66.26
1058   66.248
1059   66.252
1060   66.2514
1061   66.2496
1062   66.2634
1063   66.2649
1064   66.2494
1065   66.2459
1066   66.2525
1067   66.2465
1068   66.2372
1069   66.2498
1070   66.2761
1071   66.314
1072   66.2701
1073   66.3321
1074   66.2497
1075   66.2683
1076   66.2409
1077   66.3083
1078   66.275
1079   66.252
1080   66.2481
1081   66.2423
1082   66.2723
1083   66.2772
1084   66.2569
1085   66.2769
1086   66.2494
1087   66.2638
1088   66.2584
1089   66.2372
1090   66.27
1091   66.2691
1092   66.2393
1093   66.2481
1094   66.2627
1095   66.2614
1096   66.2372
1097   66.2548
1098   66.2537
1099   66.2372
1100   66.2372
1101   66.2431
1102   66.2372
1103   66.2372
1104   66.2541
1105   66.2746
1106   66.2535
1107   66.252
1108   66.2579
1109   66.2421
1110   66.2372
1111   66.2817
1112   66.2879
1113   66.2574
1114   66.2638
1115   66.2654
1116   66.273
1117   66.2836
1118   66.2487
1119   66.3786
1120   66.3086
1121   66.2756
1122   66.2597
1123   66.2782
1124   66.2482
1125   66.2391
1126   66.2505
1127   66.2671
1128   66.2435
1129   66.2538
1130   66.2457
1131   66.2527
1132   66.2384
1133   66.246
1134   66.2408
1135   66.2372
1136   66.2439
1137   66.2878
1138   66.2632
1139   66.2708
1140   66.2485
1141   66.3224
1142   66.2797
1143   66.253
1144   66.2648
1145   66.2544
1146   66.2445
1147   66.2625
1148   66.2772
1149   66.2681
1150   66.2702
1151   66.241
1152   66.2372
1153   66.2418
1154   66.2382
1155   66.2416
1156   66.2506
1157   66.2791
1158   66.3125
1159   66.3055
1160   66.2469
1161   66.252
1162   66.2533
1163   66.2904
1164   66.3042
1165   66.3534
1166   66.3062
1167   66.2811
1168   66.3421
1169   66.3496
1170   66.2731
1171   66.2948
1172   66.2696
1173   66.2372
1174   66.2439
1175   66.2419
1176   66.2372
1177   66.2372
1178   66.2449
1179   66.251
1180   66.2503
1181   66.2713
1182   66.2593
1183   66.2643
1184   66.2416
1185   66.2425
1186   66.2372
1187   66.2375
1188   66.2507
1189   66.2402
1190   66.266
1191   66.255
1192   66.2648
1193   66.2615
1194   66.2993
1195   66.2754
1196   66.2557
1197   66.2372
1198   66.2406
1199   66.2422
1200   66.2997
1201   66.2782
1202   66.3076
1203   66.2479
1204   66.2448
1205   66.262
1206   66.264
1207   66.2731
1208   66.2962
1209   66.2573
1210   66.2643
1211   66.2372
1212   66.256
1213   66.2743
1214   66.2432
1215   66.2372
1216   66.316
1217   66.2551
1218   66.2871
1219   66.2743
1220   66.2794
1221   66.252
1222   66.2469
1223   66.2472
1224   66.2404
1225   66.2372
1226   66.2372
1227   66.2457
1228   66.2439
1229   66.2372
1230   66.2872
1231   66.255
1232   66.2582
1233   66.2696
1234   66.2653
1235   66.2498
1236   66.2765
1237   66.2589
1238   66.2616
1239   66.2386
1240   66.251
1241   66.245
1242   66.2372
1243   66.2372
1244   66.2372
1245   66.2404
1246   66.2533
1247   66.2598
1248   66.2923
1249   66.2964
1250   66.2781
1251   66.267
1252   66.2607
1253   66.2486
1254   66.2435
1255   66.2591
1256   66.261
1257   66.2497
1258   66.2629
1259   66.2653
1260   66.2482
1261   66.2372
1262   66.2469
1263   66.2538
1264   66.2653
1265   66.3026
1266   66.292
1267   66.2678
1268   66.2431
1269   66.2524
1270   66.2561
1271   66.3494
1272   66.3567
1273   66.3105
1274   66.2953
1275   66.2918
1276   66.2378
1277   66.2453
1278   66.2417
1279   66.2477
1280   66.2467
1281   66.3487
1282   66.2751
1283   66.293
1284   66.2706
1285   66.3056
1286   66.2775
1287   66.2672
1288   66.276
1289   66.2535
1290   66.3406
1291   66.4029
1292   66.3056
1293   66.2946
1294   66.2669
1295   66.2699
1296   66.238
1297   66.2451
1298   66.2382
1299   66.24
1300   66.2462
1301   66.2372
1302   66.2412
1303   66.2378
1304   66.2372
1305   66.2508
1306   66.2515
1307   66.2514
1308   66.2613
1309   66.2566
1310   66.2405
1311   66.2426
1312   66.2651
1313   66.2754
1314   66.2605
1315   66.2606
1316   66.3063
1317   66.27
1318   66.2684
1319   66.2147
1320   66.1438
1321   66.0556
1322   65.9141
1323   65.7695
1324   65.6641
1325   65.5467
1326   65.4221
1327   65.3485
1328   65.3134
1329   65.2851
1330   65.2833
1331   65.2743
1332   65.2468
1333   65.2468
1334   65.2468
1335   65.2468
1336   65.2892
1337   65.2871
1338   65.264
1339   65.2886
1340   65.2571
1341   65.2801
1342   65.2869
1343   65.2711
1344   65.2665
1345   65.248
1346   65.2468
1347   65.2559
1348   65.2468
1349   65.2468
1350   65.2595
1351   65.2739
1352   65.3081
1353   65.31
1354   65.2682
1355   65.2931
1356   65.2779
1357   65.2877
1358   65.263
1359   65.2816
1360   65.2646
1361   65.2668
1362   65.2491
1363   65.247
1364   65.2542
1365   65.2664
1366   65.265
1367   65.2586
1368   65.2569
1369   65.2924
1370   65.2742
1371   65.2518
1372   65.2761
1373   65.2505
1374   65.2468
1375   65.2468
1376   65.2468
1377   65.2485
1378   65.2468
1379   65.2468
1380   65.2468
1381   65.2471
1382   65.2468
1383   65.2468
1384   65.26
1385   65.2784
1386   65.2469
1387   65.2574
1388   65.2537
1389   65.2646
1390   65.2615
1391   65.2824
1392   65.2822
1393   65.2827
1394   65.2607
1395   65.2726
1396   65.2971
1397   65.3106
1398   65.2596
1399   65.2468
1400   65.3091
1401   65.2805
1402   65.2774
1403   65.273
1404   65.3534
1405   65.3402
1406   65.3059
1407   65.2846
1408   65.2769
1409   65.26
1410   65.2594
1411   65.2648
1412   65.3044
1413   65.2985
1414   65.2759
1415   65.2468
1416   65.247
1417   65.2468
1418   65.2513
1419   65.2835
1420   65.2961
1421   65.3074
1422   65.2646
1423   65.2781
1424   65.2944
1425   65.2868
1426   65.2547
1427   65.2469
1428   65.2658
1429   65.2746
1430   65.2759
1431   65.2729
1432   65.272
1433   65.2802
1434   65.2589
1435   65.2469
1436   65.2468
1437   65.2468
1438   65.2834
1439   65.2772
1440   65.2737
1441   65.2653
1442   65.2738
1443   65.2881
1444   65.2763
1445   65.267
1446   65.2628
1447   65.254
1448   65.2745
1449   65.3208
1450   65.2649
1451   65.2723
1452   65.2741
1453   65.2508
1454   65.2468
1455   65.2492
1456   65.2506
1457   65.2497
1458   65.2615
1459   65.2548
1460   65.2636
1461   65.3068
1462   65.2915
1463   65.2655
1464   65.2628
1465   65.2587
1466   65.2497
1467   65.2753
1468   65.2665
1469   65.3009
1470   65.268
1471   65.2532
1472   65.2468
1473   65.2468
1474   65.2468
1475   65.2468
1476   65.2469
1477   65.2468
1478   65.2468
1479   65.2505
1480   65.2512
1481   65.2474
1482   65.2502
1483   65.2643
1484   65.262
1485   65.2994
1486   65.2683
1487   65.2769
1488   65.2827
1489   65.3056
1490   65.2821
1491   65.2468
1492   65.2654
1493   65.2678
1494   65.2468
1495   65.2562
1496   65.249
1497   65.2486
1498   65.2468
1499   65.2468
1500   65.2477
1501   65.2652
1502   65.2468
1503   65.2605
1504   65.2592
1505   65.2771
1506   65.2507
1507   65.2696
1508   65.2764
1509   65.3096
1510   65.2782
1511   65.2623
1512   65.2471
1513   65.2514
1514   65.2468
1515   65.2474
1516   65.2632
1517   65.2662
1518   65.2836
1519   65.2817
1520   65.2695
1521   65.2905
1522   65.2939
1523   65.2468
1524   65.2508
1525   65.2774
1526   65.2758
1527   65.3066
1528   65.2836
1529   65.249
1530   65.2468
1531   65.2478
1532   65.2497
1533   65.2468
1534   65.2485
1535   65.2576
1536   65.2588
1537   65.2468
1538   65.2468
1539   65.2615
1540   65.2582
1541   65.2548
1542   65.2528
1543   65.2468
1544   65.248
1545   65.257
1546   65.2611
1547   65.2652
1548   65.2474
1549   65.2526
1550   65.3473
1551   65.2992
1552   65.3237
1553   65.2747
1554   65.2801
1555   65.283
1556   65.2476
1557   65.289
1558   65.2861
1559   65.2577
1560   65.2988
1561   65.2914
1562   65.2755
1563   65.2906
1564   65.311
1565   65.2914
1566   65.2681
1567   65.254
1568   65.247
1569   65.2553
1570   65.2876
1571   65.2763
1572   65.3261
1573   65.3154
1574   65.2599
1575   65.2581
1576   65.2713
1577   65.2681
1578   65.2567
1579   65.2611
1580   65.2468
1581   65.2468
1582   65.2468
1583   65.2468
1584   65.2468
1585   65.2468
1586   65.2598
1587   65.2628
1588   65.2718
1589   65.2524
1590   65.2468
1591   65.2468
1592   65.2545
1593   65.2543
1594   65.259
1595   65.2564
1596   65.2485
1597   65.2714
1598   65.2866
1599   65.2694
1600   65.2576
1601   65.2572
1602   65.2476
1603   65.2532
1604   65.2468
1605   65.2468
1606   65.249
1607   65.2468
1608   65.2468
1609   65.2515
1610   65.2485
1611   65.2498
1612   65.2761
1613   65.2648
1614   65.2842
1615   65.2941
1616   65.2687
1617   65.2518
1618   65.2567
1619   65.2655
1620   65.2468
1621   65.2468
1622   65.2519
1623   65.2485
1624   65.2548
1625   65.2772
1626   65.2815
1627   65.2681
1628   65.29
1629   65.26
1630   65.2908
1631   65.275
1632   65.2469
1633   65.2584
1634   65.2468
1635   65.2468
1636   65.259
1637   65.248
1638   65.2568
1639   65.2477
1640   65.2687
1641   65.285
1642   65.2797
1643   65.2759
1644   65.2606
1645   65.2522
1646   65.2592
1647   65.2529
1648   65.2648
1649   65.2468
1650   65.2558
1651   65.2488
1652   65.259
1653   65.2838
1654   65.275
1655   65.259
1656   65.2665
1657   65.249
1658   65.2556
1659   65.2503
1660   65.25
1661   65.254
1662   65.2548
1663   65.2602
1664   65.2751
1665   65.2725
1666   65.2644
1667   65.3112
1668   65.2863
1669   65.2709
1670   65.2604
1671   65.2597
1672   65.3071
1673   65.2565
1674   65.2468
1675   65.2468
1676   65.2468
1677   65.2468
1678   65.2468
1679   65.2468
1680   65.2468
1681   65.2502
1682   65.2592
1683   65.2839
1684   65.2657
1685   65.2626
1686   65.2566
1687   65.2723
1688   65.3015
1689   65.2532
1690   65.2682
1691   65.2585
1692   65.2531
1693   65.2565
1694   65.2604
1695   65.2747
1696   65.2669
1697   65.2468
1698   65.2527
1699   65.2521
1700   65.2575
1701   65.2595
1702   65.2572
1703   65.2916
1704   65.3152
1705   65.2718
1706   65.315
1707   65.2828
1708   65.2768
1709   65.2825
1710   65.2615
1711   65.2468
1712   65.2468
1713   65.2762
1714   65.2872
1715   65.2543
1716   65.3401
1717   65.3202
1718   65.266
1719   65.3011
1720   65.309
1721   65.2655
1722   65.2634
1723   65.292
1724   65.3055
1725   65.2967
1726   65.2988
1727   65.3429
1728   65.3155
1729   65.3545
1730   65.3153
1731   65.2627
1732   65.2535
1733   65.248
1734   65.2468
1735   65.2468
1736   65.2468
1737   65.2468
1738   65.2485
1739   65.2548
1740   65.2682
1741   65.2725
1742   65.2533
1743   65.2481
1744   65.2468
1745   65.2468
1746   65.2607
1747   65.3046
1748   65.3233
1749   65.2913
1750   65.25
1751   65.2513
1752   65.2573
1753   65.2599
1754   65.2497
1755   65.2515
1756   65.2482
1757   65.2468
1758   65.2468
1759   65.2498
1760   65.2584
1761   65.3506
1762   65.3443
1763   65.2885
1764   65.2722
1765   65.2552
1766   65.2468
1767   65.2468
1768   65.2468
1769   65.2468
1770   65.2632
1771   65.2512
1772   65.2554
1773   65.2583
1774   65.2927
1775   65.3195
1776   65.3004
1777   65.3035
1778   65.2761
1779   65.2611
1780   65.2954
1781   65.2741
1782   65.3015
1783   65.2764
1784   65.2861
1785   65.283
1786   65.283
1787   65.2513
1788   65.2468
1789   65.2468
1790   65.2702
1791   65.2557
1792   65.2656
1793   65.2836
1794   65.2684
1795   65.3029
1796   65.2588
1797   65.2821
1798   65.2493
1799   65.2961
1800   65.305
1801   65.3118
1802   65.2796
1803   65.3052
1804   65.2666
1805   65.2623
1806   65.2846
1807   65.3127
1808   65.2881
1809   65.2533
1810   65.2612
1811   65.2487
1812   65.2562
1813   65.2688
1814   65.2628
1815   65.2706
1816   65.2549
1817   65.2469
1818   65.2559
1819   65.2675
1820   65.2624
1821   65.2707
1822   65.3058
1823   65.3025
1824   65.283
1825   65.248
1826   65.2468
1827   65.2468
1828   65.2603
1829   65.2492
1830   65.2613
1831   65.2512
1832   65.2699
1833   65.2721
1834   65.2774
1835   65.2701
1836   65.2494
1837   65.2507
1838   65.2483
1839   65.2468
1840   65.2599
1841   65.2602
1842   65.2887
1843   65.2795
1844   65.3172
1845   65.2958
1846   65.2536
1847   65.2736
1848   65.2751
1849   65.2636
1850   65.2911
1851   65.3032
1852   65.273
1853   65.2963
1854   65.262
1855   65.2507
1856   65.2487
1857   65.2534
1858   65.2713
1859   65.2614
1860   65.2723
1861   65.2646
1862   65.2582
1863   65.2555
1864   65.2728
1865   65.2743
1866   65.3659
1867   65.3157
1868   65.2894
1869   65.2696
1870   65.2892
1871   65.2718
1872   65.2736
1873   65.2833
1874   65.265
1875   65.2962
1876   65.2739
1877   65.2683
1878   65.2805
1879   65.2895
1880   65.3066
1881   65.2631
1882   65.251
1883   65.2468
1884   65.2482
1885   65.2474
1886   65.2468
1887   65.2468
1888   65.2508
1889   65.2688
1890   65.2485
1891   65.2614
1892   65.2701
1893   65.2738
1894   65.331
1895   65.2504
1896   65.25
1897   65.2583
1898   65.2504
1899   65.2745
1900   65.2806
1901   65.2483
1902   65.2505
1903   65.2768
1904   65.2644
1905   65.2929
1906   65.2577
1907   65.2751
1908   65.2492
1909   65.2585
1910   65.3034
1911   65.2639
1912   65.3176
1913   65.3197
1914   65.3017
1915   65.2916
1916   65.2665
1917   65.2581
1918   65.2608
1919   65.2757
1920   65.2616
1921   65.2535
1922   65.2468
1923   65.2483
1924   65.2468
1925   65.3498
1926   65.3225
1927   65.2571
1928   65.2549
1929   65.2414
1930   65.2053
1931   65.1772
1932   65.1606
1933   65.1504
1934   65.1606
1935   65.1703
1936   65.1635
1937   65.1271
1938   65.1029
1939   65.1075
1940   65.0618
1941   65.0565
1942   65.0636
1943   65.0668
1944   65.0846
1945   65.0643
1946   65.0653
1947   65.0603
1948   65.07
1949   65.0858
1950   65.1044
1951   65.1035
1952   65.0636
1953   65.0673
1954   65.0851
1955   65.0783
1956   65.1199
1957   65.1032
1958   65.0772
1959   65.0669
1960   65.065
1961   65.0567
1962   65.0837
1963   65.1031
1964   65.0753
1965   65.0874
1966   65.1176
1967   65.0846
1968   65.0648
1969   65.0668
1970   65.1324
1971   65.093
1972   65.0935
1973   65.0759
1974   65.0565
1975   65.0837
1976   65.0711
1977   65.0622
1978   65.0832
1979   65.0786
1980   65.0914
1981   65.081
1982   65.0882
1983   65.068
1984   65.0905
1985   65.1338
1986   65.1537
1987   65.0769
1988   65.0787
1989   65.0853
1990   65.0813
1991   65.0643
1992   65.0712
1993   65.0808
1994   65.0872
1995   65.0617
1996   65.0799
1997   65.0748
1998   65.0716
1999   65.0717
2000   65.0731
2001   65.0703
2002   65.1031
2003   65.1117
2004   65.1192
2005   65.1176
2006   65.1039
2007   65.128
2008   65.0856
2009   65.0565
2010   65.0651
2011   65.0584
2012   65.0815
2013   65.0889
2014   65.0905
2015   65.0853
2016   65.1037
2017   65.0694
2018   65.0573
2019   65.0565
2020   65.0565
2021   65.0651
2022   65.0719
2023   65.0698
2024   65.1013
2025   65.1112
2026   65.1238
2027   65.1298
2028   65.1225
2029   65.096
2030   65.0764
2031   65.0617
2032   65.0572
2033   65.0603
2034   65.0835
2035   65.1108
2036   65.084
2037   65.0788
2038   65.0565
2039   65.0565
2040   65.0565
2041   65.0914
2042   65.0832
2043   65.0738
2044   65.0585
2045   65.057
2046   65.057
2047   65.0571
2048   65.0565
2049   65.0565
2050   65.0573
2051   65.0719
2052   65.0766
2053   65.0737
2054   65.0889
2055   65.1006
2056   65.092
2057   65.0686
2058   65.1199
2059   65.1004
2060   65.0893
2061   65.0835
2062   65.0807
2063   65.1131
2064   65.1244
2065   65.0973
2066   65.1142
2067   65.1194
2068   65.0934
2069   65.0586
2070   65.0602
2071   65.0629
2072   65.0833
2073   65.1589
2074   65.0962
2075   65.0792
2076   65.0971
2077   65.0666
2078   65.0615
2079   65.0565
2080   65.0565
2081   65.0565
2082   65.0632
2083   65.0705
2084   65.0716
2085   65.0724
2086   65.0879
2087   65.0565
2088   65.0567
2089   65.0616
2090   65.057
2091   65.0641
2092   65.0678
2093   65.0901
2094   65.0745
2095   65.0785
2096   65.0566
2097   65.0565
2098   65.0565
2099   65.0565
2100   65.0623
2101   65.0755
2102   65.0566
2103   65.0667
2104   65.0686
2105   65.0711
2106   65.0763
2107   65.0565
2108   65.072
2109   65.0565
2110   65.0565
2111   65.0565
2112   65.0569
2113   65.0704
2114   65.0579
2115   65.0806
2116   65.0565
2117   65.0611
2118   65.0776
2119   65.0701
2120   65.0667
2121   65.0754
2122   65.1373
2123   65.0886
2124   65.0872
2125   65.1554
2126   65.1184
2127   65.1086
2128   65.1298
2129   65.0921
2130   65.1468
2131   65.1017
2132   65.0982
2133   65.0831
2134   65.0892
2135   65.0583
2136   65.0572
2137   65.0579
2138   65.0575
2139   65.0612
2140   65.0613
2141   65.0742
2142   65.0696
2143   65.0813
2144   65.0674
2145   65.0711
2146   65.1108
2147   65.0692
2148   65.0727
2149   65.0896
2150   65.0642
2151   65.1046
2152   65.1107
2153   65.0799
2154   65.1213
2155   65.0784
2156   65.093
2157   65.0589
2158   65.0577
2159   65.1021
2160   65.0652
2161   65.0779
2162   65.0588
2163   65.0642
2164   65.1035
2165   65.0641
2166   65.0598
2167   65.0607
2168   65.0676
2169   65.0565
2170   65.0565
2171   65.0565
2172   65.0812
2173   65.0771
2174   65.0911
2175   65.1134
2176   65.0927
2177   65.1159
2178   65.0819
2179   65.0996
2180   65.0626
2181   65.0832
2182   65.0805
2183   65.0755
2184   65.0946
2185   65.0796
2186   65.0688
2187   65.0655
2188   65.0573
2189   65.0676
2190   65.0745
2191   65.0628
2192   65.0781
2193   65.0822
2194   65.1
2195   65.0663
2196   65.062
2197   65.0806
2198   65.0618
2199   65.0721
2200   65.0652
2201   65.0565
2202   65.0664
2203   65.1177
2204   65.1066
2205   65.1009
2206   65.0688
2207   65.0628
2208   65.0778
2209   65.0691
2210   65.0582
2211   65.0865
2212   65.0991
2213   65.094
2214   65.1163
2215   65.1726
2216   65.1542
2217   65.1225
2218   65.1472
2219   65.1984
2220   65.0901
2221   65.0584
2222   65.0673
2223   65.0593
2224   65.0678
2225   65.1065
2226   65.0915
2227   65.0824
2228   65.0756
2229   65.0959
2230   65.0853
2231   65.1171
2232   65.166
2233   65.1524
2234   65.124
2235   65.1206
2236   65.1204
2237   65.1169
2238   65.1053
2239   65.1881
2240   65.0859
2241   65.1004
2242   65.0968
2243   65.0724
2244   65.108
2245   65.0805
2246   65.0941
2247   65.0824
2248   65.0611
2249   65.0756
2250   65.0788
2251   65.0774
2252   65.0568
2253   65.0565
2254   65.0565
2255   65.0667
2256   65.0683
2257   65.0863
2258   65.0573
2259   65.0638
2260   65.0627
2261   65.0591
2262   65.1326
2263   65.0595
2264   65.0627
2265   65.069
2266   65.0792
2267   65.1097
2268   65.0669
2269   65.0608
2270   65.0565
2271   65.0664
2272   65.0633
2273   65.098
2274   65.0653
2275   65.0722
2276   65.0663
2277   65.0624
2278   65.0827
2279   65.0883
2280   65.0565
2281   65.0633
2282   65.0622
2283   65.0565
2284   65.0565
2285   65.0565
2286   65.0797
2287   65.0723
2288   65.0901
2289   65.0756
2290   65.0946
2291   65.1552
2292   65.1241
2293   65.0893
2294   65.0893
2295   65.07
2296   65.0651
2297   65.0958
2298   65.0731
2299   65.064
2300   65.0958
2301   65.0844
2302   65.0765
2303   65.073
2304   65.0771
2305   65.0802
2306   65.0749
2307   65.0771
2308   65.0693
2309   65.0734
2310   65.0565
2311   65.073
2312   65.083
2313   65.0677
2314   65.0815
2315   65.1017
2316   65.1235
2317   65.0957
2318   65.0769
2319   65.0619
2320   65.0565
2321   65.0599
2322   65.0565
2323   65.0665
2324   65.0675
2325   65.057
2326   65.0735
2327   65.0626
2328   65.063
2329   65.0863
2330   65.0795
2331   65.0763
2332   65.081
2333   65.0679
2334   65.0641
2335   65.0622
2336   65.0601
2337   65.0565
2338   65.0565
2339   65.0565
2340   65.0565
2341   65.0585
2342   65.0581
2343   65.0578
2344   65.0598
2345   65.0577
2346   65.0673
2347   65.0566
2348   65.0565
2349   65.0616
2350   65.0717
2351   65.0761
2352   65.1087
2353   65.113
2354   65.1157
2355   65.0795
2356   65.1107
2357   65.0925
2358   65.0839
2359   65.0847
2360   65.0969
2361   65.0737
2362   65.0881
2363   65.1172
2364   65.0905
2365   65.0743
2366   65.0763
2367   65.081
2368   65.0743
2369   65.0942
2370   65.094
2371   65.0694
2372   65.0565
2373   65.0565
2374   65.0599
2375   65.0644
2376   65.0784
2377   65.0943
2378   65.066
2379   65.0629
2380   65.0566
2381   65.0565
2382   65.0576
2383   65.0681
2384   65.0771
2385   65.0962
2386   65.0776
2387   65.0848
2388   65.0905
2389   65.1197
2390   65.0895
2391   65.1139
2392   65.1455
2393   65.0861
2394   65.0624
2395   65.0688
2396   65.0842
2397   65.0777
2398   65.0617
2399   65.0625
2400   65.0566
2401   65.0589
2402   65.0709
2403   65.0841
2404   65.075
2405   65.0727
2406   65.0888
2407   65.068
2408   65.064
2409   65.0809
2410   65.0576
2411   65.0718
2412   65.0939
2413   65.1396
2414   65.1148
2415   65.078
2416   65.077
2417   65.0845
2418   65.1012
2419   65.0997
2420   65.0698
2421   65.0565
2422   65.0565
2423   65.0566
2424   65.0565
2425   65.0565
2426   65.0565
2427   65.057
2428   65.0614
2429   65.0598
2430   65.0593
2431   65.0688
2432   65.0842
2433   65.0982
2434   65.0783
2435   65.0858
2436   65.0708
2437   65.0572
2438   65.0565
2439   65.0576
2440   65.0694
2441   65.0581
2442   65.0672
2443   65.0854
2444   65.0968
2445   65.0972
2446   65.0879
2447   65.1177
2448   65.0787
2449   65.1532
2450   65.1041
2451   65.0782
2452   65.0866
2453   65.1051
2454   65.1013
2455   65.0816
2456   65.0785
2457   65.0821
2458   65.0804
2459   65.0586
2460   65.0717
2461   65.0677
2462   65.0664
2463   65.0566
2464   65.0565
2465   65.0565
2466   65.0565
2467   65.0573
2468   65.0565
2469   65.0766
2470   65.0745
2471   65.1439
2472   65.0994
2473   65.1112
2474   65.0654
2475   65.0775
2476   65.0841
2477   65.1022
2478   65.0782
2479   65.0919
2480   65.1121
2481   65.0698
2482   65.0834
2483   65.0605
2484   65.0665
2485   65.0616
2486   65.0565
2487   65.0589
2488   65.0565
2489   65.0565
2490   65.0565
2491   65.0565
2492   65.0565
2493   65.081
2494   65.1078
2495   65.1271
2496   65.0823
2497   65.0565
2498   65.0577
2499   65.0658
