0   476.263
1   457.262
2   440.072
3   423.328
4   410.213
5   398.203
6   388.435
7   378.393
8   369.016
9   360.24
10   353.142
11   347.333
12   341.469
13   336.077
14   330.566
15   325.22
16   319.587
17   313.64
18   307.795
19   301.769
20   296.61
21   292.228
22   288.483
23   284.604
24   281.408
25   278.178
26   274.746
27   270.812
28   266.598
29   262.535
30   258.741
31   255.508
32   252.807
33   250.43
34   248.329
35   246.146
36   243.894
37   241.862
38   239.475
39   236.987
40   234.899
41   232.937
42   230.366
43   227.712
44   225.022
45   222.048
46   218.825
47   215.854
48   212.705
49   209.807
50   207.155
51   204.652
52   202.385
53   200.177
54   197.868
55   196.235
56   194.62
57   192.907
58   191.211
59   189.392
60   187.597
61   185.501
62   183.795
63   182.495
64   181.085
65   179.817
66   179.009
67   178.199
68   176.954
69   175.729
70   174.088
71   172.378
72   170.586
73   168.457
74   165.841
75   163.237
76   160.048
77   157.254
78   154.812
79   152.662
80   150.963
81   149.453
82   148.025
83   146.611
84   145.466
85   144.463
86   143.514
87   142.714
88   141.758
89   140.649
90   139.619
91   138.671
92   137.609
93   136.646
94   135.739
95   135.003
96   134.2
97   133.491
98   132.739
99   131.841
100   130.835
101   129.816
102   128.72
103   127.181
104   125.937
105   124.6
106   123.361
107   122.357
108   121.459
109   120.528
110   119.601
111   118.811
112   117.91
113   116.983
114   116.132
115   115.463
116   114.757
117   114.053
118   113.442
119   112.784
120   112.218
121   111.538
122   110.769
123   109.959
124   109.312
125   108.612
126   107.835
127   107.129
128   106.466
129   105.928
130   105.333
131   104.888
132   104.445
133   104.1
134   103.778
135   103.55
136   103.335
137   103.021
138   102.65
139   102.255
140   101.704
141   101.237
142   100.619
143   100.232
144   99.799
145   99.3875
146   98.9603
147   98.519
148   98.0887
149   97.591
150   97.0142
151   96.2801
152   95.5228
153   94.8544
154   94.1966
155   93.8555
156   93.4873
157   93.1908
158   93.0557
159   92.9367
160   92.8982
161   92.9693
162   93.1224
163   93.1368
164   93.0671
165   93.5943
166   93.8166
167   93.956
168   94.1246
169   94.0261
170   93.9532
171   94.0335
172   94.1687
173   94.4329
174   94.5521
175   94.7407
176   94.6544
177   94.3426
178   93.9214
179   93.2463
180   92.6422
181   92.1811
182   91.3263
183   90.766
184   90.1957
185   89.7911
186   89.4725
187   89.1026
188   88.6502
189   88.3189
190   87.9495
191   87.6504
192   87.3153
193   86.9456
194   86.5947
195   86.2357
196   85.9648
197   85.7262
198   85.4603
199   85.2081
200   85.0372
201   84.8386
202   84.7342
203   84.6131
204   84.5031
205   84.5031
206   84.3808
207   84.1521
208   84.0608
209   83.6386
210   83.4079
211   83.2617
212   83.236
213   83.107
214   83.2932
215   83.411
216   83.3392
217   83.3645
218   83.1212
219   82.9822
220   82.8448
221   82.4969
222   82.0709
223   81.6794
224   81.5452
225   81.272
226   80.9508
227   80.7153
228   80.491
229   80.2422
230   80.0345
231   79.8823
232   79.7728
233   79.7207
234   79.6719
235   79.6978
236   79.7583
237   79.7994
238   80.0352
239   80.3348
240   80.4263
241   80.4772
242   80.1531
243   79.9902
244   79.7841
245   79.558
246   79.3176
247   79.3313
248   79.3666
249   79.3385
250   79.1577
251   78.9758
252   78.5907
253   78.3078
254   78.1012
255   77.687
256   77.5313
257   77.3502
258   77.1535
259   77.0105
260   76.9627
261   76.809
262   76.6542
263   76.5156
264   76.3781
265   76.2976
266   76.1907
267   76.1434
268   76.118
269   75.9982
270   75.8379
271   75.7427
272   75.6536
273   75.5325
274   75.4297
275   75.3206
276   75.2574
277   75.1522
278   75.0957
279   74.9821
280   74.9374
281   74.8346
282   74.808
283   74.7672
284   74.7494
285   74.8538
286   74.9184
287   75.0635
288   75.2644
289   75.1265
290   74.8864
291   74.7705
292   74.7468
293   74.9597
294   75.0941
295   74.8985
296   74.7151
297   74.5949
298   74.2018
299   74.1835
300   74.0728
301   74.0444
302   74.0402
303   74.0948
304   74.0958
305   74.1674
306   74.2393
307   73.7126
308   73.435
309   73.1487
310   72.8302
311   72.4645
312   72.2464
313   72.0767
314   71.8993
315   71.7904
316   71.7213
317   71.7378
318   71.6852
319   71.6866
320   71.6882
321   71.6524
322   71.6059
323   71.5583
324   71.5275
325   71.4859
326   71.4585
327   71.4208
328   71.3816
329   71.3649
330   71.3373
331   71.3328
332   71.3362
333   71.3253
334   71.3238
335   71.3066
336   71.2845
337   71.2649
338   71.2373
339   71.1872
340   71.084
341   71.0019
342   70.9085
343   70.8415
344   70.8052
345   70.7469
346   70.733
347   70.7204
348   70.6848
349   70.7029
350   70.6833
351   70.665
352   70.7161
353   70.6934
354   70.735
355   70.7032
356   70.7338
357   70.6899
358   70.6357
359   70.6476
360   70.6454
361   70.6963
362   70.7305
363   70.7427
364   70.7822
365   70.9931
366   71.0604
367   71.2728
368   71.3703
369   71.834
370   72.3459
371   72.9508
372   73.338
373   73.6337
374   73.6849
375   74.0441
376   74.2455
377   74.1554
378   73.8097
379   73.3177
380   72.5697
381   71.9409
382   71.3198
383   70.7873
384   70.5081
385   70.4874
386   70.4424
387   70.2613
388   70.2675
389   70.1852
390   70.2013
391   70.229
392   70.2162
393   70.2243
394   70.1749
395   70.1648
396   70.1473
397   70.1118
398   70.0967
399   70.065
400   70.1074
401   70.0438
402   70.0554
403   70.0318
404   70.0294
405   70.0401
406   70.0515
407   70.0489
408   70.052
409   70.0535
410   70.0517
411   70.0714
412   70.0591
413   70.0551
414   70.0506
415   70.0551
416   70.0298
417   70.0351
418   70.0409
419   70.0535
420   70.0549
421   70.0663
422   70.0467
423   70.0437
424   70.0744
425   70.1096
426   70.0603
427   70.0323
428   70.0344
429   70.0357
430   70.0553
431   70.0419
432   70.0432
433   70.0344
434   70.0294
435   70.0338
436   70.0931
437   70.2765
438   70.3745
439   70.5922
440   70.8123
441   71.048
442   71.3387
443   71.584
444   71.5003
445   71.6086
446   71.5382
447   71.3418
448   71.0908
449   70.7174
450   70.5089
451   70.3675
452   70.1966
453   70.1596
454   70.148
455   70.0565
456   70.0064
457   70.0191
458   70.0139
459   70.0389
460   69.9973
461   70.0291
462   70.0224
463   70.0505
464   70.0831
465   70.2115
466   70.2557
467   70.411
468   70.6045
469   70.7008
470   70.853
471   70.9447
472   71.4221
473   71.8499
474   71.8081
475   71.9572
476   72.0258
477   71.9408
478   71.5261
479   71.3596
480   70.9208
481   70.6174
482   70.4066
483   70.2082
484   70.1535
485   70.0531
486   70.0492
487   70.1106
488   70.0794
489   70.0156
490   70.0523
491   70.0652
492   70.0795
493   70.0546
494   69.9932
495   70.0015
496   69.9981
497   70.004
498   70.0364
499   70.0259
500   70.0111
501   70.0124
502   69.9932
503   69.9951
504   69.9955
505   70.0209
506   70.0107
507   70.009
508   70.0098
509   70.0011
510   70.0116
511   70.035
512   70.0008
513   69.9932
514   69.9941
515   70.0064
516   70.028
517   70.0292
518   70.0293
519   70.017
520   70.0148
521   70.005
522   70.0188
523   70.0022
524   70.0193
525   70.0324
526   70.0379
527   70.0296
528   70.0486
529   70.0196
530   70.0253
531   70.0275
532   70.0279
533   70.0135
534   70.006
535   70.0238
536   70.0093
537   69.9932
538   70.0052
539   69.9985
540   70.0054
541   70.0032
542   70.014
543   69.9985
544   69.9942
545   69.9965
546   70.0143
547   70.0447
548   70.0319
549   70.0285
550   69.9941
551   70.0147
552   70.0078
553   70.0126
554   70.001
555   70.0236
556   70.004
557   70.0351
558   70.0223
559   70.0072
560   69.9936
561   69.9961
562   69.9932
563   69.9932
564   69.9961
565   69.9932
566   69.9932
567   69.9932
568   69.9979
569   70.0028
570   69.9976
571   69.9935
572   70.0014
573   69.9965
574   70.0556
575   70.0718
576   70.2508
577   70.463
578   70.7013
579   70.9821
580   71.1124
581   71.4059
582   71.5944
583   71.8574
584   72.0134
585   71.7241
586   71.3747
587   71.2206
588   70.9814
589   70.5002
590   70.2593
591   70.191
592   69.9934
593   70.0174
594   69.9753
595   69.9611
596   69.9639
597   69.9622
598   69.9541
599   69.9531
600   69.9675
601   69.998
602   69.9593
603   69.963
604   69.9519
605   69.9519
606   69.9519
607   69.952
608   69.9519
609   69.9548
610   69.9519
611   69.9519
612   69.9653
613   69.9814
614   69.9695
615   69.9519
616   69.9558
617   70.0054
618   69.978
619   69.9592
620   69.9533
621   69.9759
622   69.9707
623   69.9691
624   69.9674
625   69.9556
626   69.9519
627   69.9519
628   69.9519
629   69.9519
630   69.9592
631   69.9634
632   69.9926
633   69.9933
634   69.9519
635   69.9738
636   69.9663
637   69.9678
638   69.9744
639   69.9519
640   69.9519
641   69.9519
642   69.9519
643   69.9519
644   69.9519
645   69.9519
646   69.9718
647   69.9565
648   69.9764
649   69.9568
650   69.9449
651   69.9947
652   69.946
653   69.9495
654   69.9199
655   69.9066
656   69.8586
657   69.8425
658   69.8528
659   69.8329
660   69.838
661   69.7874
662   69.7712
663   69.7394
664   69.6807
665   69.6423
666   69.615
667   69.5603
668   69.524
669   69.5068
670   69.4891
671   69.477
672   69.4905
673   69.5184
674   69.5974
675   69.5292
676   69.5419
677   69.5382
678   69.5233
679   69.4774
680   69.471
681   69.4914
682   69.4902
683   69.484
684   69.4562
685   69.4818
686   69.4514
687   69.493
688   69.487
689   69.478
690   69.4916
691   69.5231
692   69.5795
693   69.7181
694   69.9335
695   70.0639
696   70.1985
697   70.3673
698   70.823
699   70.9677
700   71.1826
701   71.4961
702   71.6859
703   71.7759
704   71.4421
705   71.1634
706   70.9408
707   70.5652
708   70.5094
709   70.0862
710   69.7419
711   69.6165
712   69.5094
713   69.5053
714   69.449
715   69.5137
716   69.5322
717   69.4632
718   69.4697
719   69.4482
720   69.4799
721   69.4676
722   69.4469
723   69.4284
724   69.4603
725   69.4635
726   69.4853
727   69.4906
728   69.5022
729   69.5142
730   69.528
731   69.4911
732   69.4942
733   69.4867
734   69.4662
735   69.4418
736   69.4462
737   69.4646
738   69.4626
739   69.5466
740   69.5162
741   69.4655
742   69.4906
743   69.4545
744   69.4574
745   69.4722
746   69.4523
747   69.4284
748   69.4295
749   69.4383
750   69.481
751   69.4669
752   69.5087
753   69.4987
754   69.4585
755   69.435
756   69.4612
757   69.4345
758   69.437
759   69.4385
760   69.4381
761   69.4631
762   69.4377
763   69.4284
764   69.4284
765   69.4293
766   69.467
767   69.4592
768   69.4699
769   69.4303
770   69.4361
771   69.4496
772   69.4484
773   69.4781
774   69.4569
775   69.4966
776   69.4648
777   69.449
778   69.4369
779   69.4407
780   69.4284
781   69.4324
782   69.4465
783   69.4297
784   69.4284
785   69.4368
786   69.4284
787   69.4391
788   69.448
789   69.4308
790   69.4284
791   69.4332
792   69.4451
793   69.5537
794   69.4906
795   69.4593
796   69.4518
797   69.4723
798   69.436
799   69.4623
800   69.4284
801   69.4292
802   69.4288
803   69.4284
804   69.4284
805   69.4284
806   69.4284
807   69.4284
808   69.4542
809   69.462
810   69.4555
811   69.4498
812   69.4473
813   69.4298
814   69.4357
815   69.4404
816   69.4868
817   69.5112
818   69.479
819   69.4323
820   69.4599
821   69.448
822   69.4284
823   69.4387
824   69.4284
825   69.4368
826   69.4463
827   69.4687
828   69.4548
829   69.5476
830   69.495
831   69.4725
832   69.4529
833   69.4578
834   69.4547
835   69.4674
836   69.4379
837   69.4407
838   69.4775
839   69.4421
840   69.4325
841   69.4302
842   69.4465
843   69.4562
844   69.4694
845   69.4906
846   69.4561
847   69.4357
848   69.4285
849   69.4325
850   69.4306
851   69.4284
852   69.4284
853   69.4482
854   69.445
855   69.4369
856   69.4361
857   69.4296
858   69.4341
859   69.4415
860   69.4778
861   69.4515
862   69.4471
863   69.4295
864   69.4596
865   69.4567
866   69.4685
867   69.485
868   69.483
869   69.4553
870   69.4448
871   69.4338
872   69.4439
873   69.4284
874   69.4338
875   69.4297
876   69.4408
877   69.4355
878   69.4296
879   69.4523
880   69.4284
881   69.4456
882   69.4293
883   69.4438
884   69.4376
885   69.4368
886   69.4301
887   69.4285
888   69.4597
889   69.4468
890   69.4609
891   69.4428
892   69.4573
893   69.4421
894   69.4636
895   69.5037
896   69.5047
897   69.5004
898   69.4425
899   69.4594
900   69.4563
901   69.47
902   69.4558
903   69.4422
904   69.4502
905   69.4347
906   69.4435
907   69.4809
908   69.4497
909   69.4516
910   69.4523
911   69.4567
912   69.4639
913   69.4476
914   69.4462
915   69.4422
916   69.4286
917   69.4293
918   69.4589
919   69.4516
920   69.4439
921   69.4896
922   69.5352
923   69.4941
924   69.4318
925   69.439
926   69.4364
927   69.4633
928   69.4829
929   69.4992
930   69.4733
931   69.4518
932   69.4357
933   69.4508
934   69.4366
935   69.4335
936   69.4349
937   69.4352
938   69.449
939   69.4362
940   69.4289
941   69.4497
942   69.4511
943   69.4875
944   69.4409
945   69.4286
946   69.4439
947   69.4539
948   69.4411
949   69.4408
950   69.4537
951   69.483
952   69.5354
953   69.4793
954   69.4594
955   69.4715
956   69.4536
957   69.4648
958   69.4824
959   69.5178
960   69.4578
961   69.4545
962   69.4464
963   69.4597
964   69.454
965   69.4317
966   69.4348
967   69.4408
968   69.4956
969   69.4619
970   69.4533
971   69.4528
972   69.4387
973   69.4569
974   69.4463
975   69.491
976   69.5075
977   69.4643
978   69.4659
979   69.4366
980   69.4375
981   69.4809
982   69.4973
983   69.4695
984   69.454
985   69.4391
986   69.4311
987   69.4452
988   69.4321
989   69.4571
990   69.4544
991   69.448
992   69.4505
993   69.4418
994   69.458
995   69.4546
996   69.4941
997   69.432
998   69.4284
999   69.4317
1000   69.4462
1001   69.4395
1002   69.4638
1003   69.4577
1004   69.4565
1005   69.4572
1006   69.4628
1007   69.44
1008   69.4629
1009   69.4636
1010   69.4614
1011   69.4519
1012   69.4627
1013   69.4284
1014   69.4351
1015   69.4304
1016   69.4284
1017   69.44
1018   69.4822
1019   69.4396
1020   69.4363
1021   69.439
1022   69.4556
1023   69.4763
1024   69.4284
1025   69.4346
1026   69.463
1027   69.4576
1028   69.4534
1029   69.4756
1030   69.4637
1031   69.4368
1032   69.4302
1033   69.4393
1034   69.449
1035   69.4421
1036   69.4493
1037   69.4544
1038   69.4833
1039   69.4537
1040   69.4752
1041   69.4804
1042   69.4907
1043   69.4687
1044   69.4289
1045   69.4292
1046   69.4646
1047   69.4566
1048   69.4595
1049   69.4401
1050   69.4356
1051   69.4307
1052   69.4306
1053   69.4578
1054   69.4405
1055   69.4493
1056   69.4505
1057   69.4394
1058   69.4325
1059   69.4284
1060   69.4363
1061   69.4314
1062   69.4372
1063   69.4431
1064   69.4555
1065   69.471
1066   69.4733
1067   69.4965
1068   69.4829
1069   69.5377
1070   69.4921
1071   69.4579
1072   69.4431
1073   69.435
1074   69.4365
1075   69.4454
1076   69.4502
1077   69.4363
1078   69.437
1079   69.441
1080   69.4482
1081   69.4284
1082   69.4488
1083   69.4577
1084   69.4476
1085   69.4307
1086   69.4284
1087   69.438
1088   69.4693
1089   69.456
1090   69.4847
1091   69.5308
1092   69.486
1093   69.4898
1094   69.4549
1095   69.4511
1096   69.4528
1097   69.4349
1098   69.452
1099   69.4511
1100   69.4712
1101   69.4722
1102   69.4303
1103   69.4697
1104   69.5036
1105   69.4466
1106   69.4341
1107   69.4284
1108   69.4301
1109   69.4301
1110   69.4383
1111   69.45
1112   69.4576
1113   69.4375
1114   69.4409
1115   69.442
1116   69.4411
1117   69.4284
1118   69.4801
1119   69.4394
1120   69.4292
1121   69.4293
1122   69.4402
1123   69.4411
1124   69.4339
1125   69.4447
1126   69.469
1127   69.451
1128   69.4311
1129   69.4727
1130   69.4608
1131   69.4418
1132   69.4446
1133   69.4326
1134   69.4553
1135   69.4313
1136   69.4401
1137   69.4571
1138   69.4577
1139   69.4324
1140   69.4357
1141   69.4686
1142   69.4418
1143   69.4471
1144   69.4484
1145   69.4415
1146   69.4527
1147   69.4504
1148   69.4285
1149   69.4284
1150   69.4372
1151   69.4381
1152   69.4478
1153   69.4326
1154   69.4292
1155   69.4284
1156   69.4338
1157   69.4364
1158   69.4522
1159   69.4644
1160   69.4391
1161   69.4422
1162   69.4396
1163   69.5161
1164   69.4642
1165   69.4989
1166   69.4806
1167   69.4705
1168   69.4444
1169   69.4395
1170   69.4519
1171   69.4504
1172   69.4385
1173   69.4356
1174   69.446
1175   69.4578
1176   69.4828
1177   69.4972
1178   69.4513
1179   69.4355
1180   69.4725
1181   69.4446
1182   69.456
1183   69.4737
1184   69.5034
1185   69.4508
1186   69.4671
1187   69.4469
1188   69.4407
1189   69.4393
1190   69.4479
1191   69.4425
1192   69.439
1193   69.4364
1194   69.4335
1195   69.4485
1196   69.443
1197   69.4284
1198   69.4375
1199   69.4287
1200   69.455
1201   69.4683
1202   69.4417
1203   69.4642
1204   69.4642
1205   69.4658
1206   69.4658
1207   69.5032
1208   69.5344
1209   69.4846
1210   69.473
1211   69.4707
1212   69.457
1213   69.4566
1214   69.4836
1215   69.4588
1216   69.4562
1217   69.4946
1218   69.4429
1219   69.4289
1220   69.435
1221   69.4313
1222   69.4291
1223   69.443
1224   69.4451
1225   69.4464
1226   69.4284
1227   69.4284
1228   69.4295
1229   69.4343
1230   69.4337
1231   69.4857
1232   69.4623
1233   69.4523
1234   69.459
1235   69.48
1236   69.4586
1237   69.4538
1238   69.4321
1239   69.4321
1240   69.4288
1241   69.4326
1242   69.4546
1243   69.4515
1244   69.4587
1245   69.4634
1246   69.4334
1247   69.438
1248   69.4367
1249   69.4594
1250   69.4485
1251   69.4565
1252   69.4407
1253   69.4527
1254   69.4406
1255   69.4298
1256   69.4297
1257   69.4303
1258   69.4403
1259   69.4291
1260   69.4356
1261   69.4629
1262   69.4461
1263   69.5302
1264   69.4522
1265   69.4397
1266   69.4535
1267   69.4546
1268   69.4762
1269   69.4561
1270   69.4446
1271   69.4317
1272   69.438
1273   69.4284
1274   69.4454
1275   69.4388
1276   69.4488
1277   69.454
1278   69.4484
1279   69.4286
1280   69.4357
1281   69.437
1282   69.4428
1283   69.4595
1284   69.4309
1285   69.4307
1286   69.4618
1287   69.4688
1288   69.4346
1289   69.46
1290   69.476
1291   69.5404
1292   69.5112
1293   69.5071
1294   69.4983
1295   69.4783
1296   69.4847
1297   69.4563
1298   69.4395
1299   69.4439
1300   69.4434
1301   69.4409
1302   69.4579
1303   69.462
1304   69.4408
1305   69.4343
1306   69.4321
1307   69.4441
1308   69.4403
1309   69.4361
1310   69.4285
1311   69.4409
1312   69.4418
1313   69.4676
1314   69.4638
1315   69.5087
1316   69.524
1317   69.5069
1318   69.4734
1319   69.4973
1320   69.4898
1321   69.4726
1322   69.4444
1323   69.4284
1324   69.4461
1325   69.4304
1326   69.4531
1327   69.4463
1328   69.4438
1329   69.4529
1330   69.4682
1331   69.4665
1332   69.4528
1333   69.4412
1334   69.4673
1335   69.4404
1336   69.4301
1337   69.4457
1338   69.4365
1339   69.4422
1340   69.4302
1341   69.4523
1342   69.443
1343   69.4526
1344   69.4617
1345   69.4482
1346   69.4573
1347   69.4847
1348   69.4616
1349   69.454
1350   69.4469
1351   69.4518
1352   69.4937
1353   69.4455
1354   69.4284
1355   69.4299
1356   69.4402
1357   69.4284
1358   69.4401
1359   69.4438
1360   69.4521
1361   69.4296
1362   69.4285
1363   69.4284
1364   69.4284
1365   69.4307
1366   69.4335
1367   69.4452
1368   69.449
1369   69.5134
1370   69.4704
1371   69.4424
1372   69.448
1373   69.4428
1374   69.4361
1375   69.4284
1376   69.439
1377   69.4431
1378   69.4606
1379   69.4453
1380   69.4658
1381   69.4429
1382   69.4747
1383   69.5167
1384   69.5057
1385   69.4847
1386   69.4753
1387   69.4586
1388   69.4816
1389   69.4381
1390   69.4392
1391   69.4772
1392   69.4828
1393   69.4402
1394   69.4293
1395   69.4456
1396   69.4379
1397   69.4564
1398   69.4345
1399   69.4566
1400   69.466
1401   69.4288
1402   69.4287
1403   69.4284
1404   69.4669
1405   69.4856
1406   69.4843
1407   69.4847
1408   69.4873
1409   69.4694
1410   69.4712
1411   69.4417
1412   69.4726
1413   69.4507
1414   69.4782
1415   69.4622
1416   69.4641
1417   69.4623
1418   69.4552
1419   69.4423
1420   69.4576
1421   69.4904
1422   69.4704
1423   69.4297
1424   69.4439
1425   69.4673
1426   69.4762
1427   69.4557
1428   69.4634
1429   69.4685
1430   69.434
1431   69.4604
1432   69.4721
1433   69.5
1434   69.4702
1435   69.5532
1436   69.4574
1437   69.4851
1438   69.4915
1439   69.4417
1440   69.4446
1441   69.4513
1442   69.4527
1443   69.4364
1444   69.4392
1445   69.4295
1446   69.4284
1447   69.4284
1448   69.4328
1449   69.4322
1450   69.4662
1451   69.445
1452   69.4643
1453   69.4303
1454   69.4455
1455   69.4284
1456   69.431
1457   69.4602
1458   69.4431
1459   69.4695
1460   69.4538
1461   69.4374
1462   69.4369
1463   69.4394
1464   69.4361
1465   69.43
1466   69.4284
1467   69.4364
1468   69.4652
1469   69.4514
1470   69.4753
1471   69.4591
1472   69.4339
1473   69.4294
1474   69.4421
1475   69.4484
1476   69.4598
1477   69.4556
1478   69.4624
1479   69.4448
1480   69.4503
1481   69.4586
1482   69.482
1483   69.469
1484   69.44
1485   69.4288
1486   69.4284
1487   69.4284
1488   69.4389
1489   69.4319
1490   69.4344
1491   69.4491
1492   69.4759
1493   69.4467
1494   69.4562
1495   69.4597
1496   69.4579
1497   69.4656
1498   69.4284
1499   69.4286
1500   69.4354
1501   69.4284
1502   69.4326
1503   69.4398
1504   69.4341
1505   69.4805
1506   69.4319
1507   69.4308
1508   69.4284
1509   69.4284
1510   69.4476
1511   69.4695
1512   69.4665
1513   69.4611
1514   69.4901
1515   69.4761
1516   69.463
1517   69.4904
1518   69.464
1519   69.4792
1520   69.536
1521   69.4284
1522   69.4284
1523   69.4302
1524   69.4394
1525   69.4552
1526   69.4289
1527   69.4315
1528   69.4643
1529   69.4523
1530   69.4418
1531   69.4457
1532   69.4429
1533   69.4429
1534   69.4284
1535   69.4284
1536   69.4284
1537   69.4284
1538   69.4382
1539   69.4292
1540   69.4357
1541   69.4309
1542   69.4284
1543   69.4325
1544   69.4499
1545   69.4388
1546   69.4658
1547   69.4477
1548   69.4284
1549   69.4289
1550   69.4294
1551   69.4326
1552   69.4584
1553   69.4528
1554   69.4304
1555   69.4284
1556   69.4424
1557   69.4556
1558   69.4553
1559   69.4313
1560   69.4582
1561   69.4483
1562   69.4697
1563   69.4538
1564   69.4794
1565   69.5058
1566   69.4931
1567   69.4735
1568   69.4606
1569   69.4823
1570   69.4599
1571   69.4842
1572   69.4441
1573   69.444
1574   69.4855
1575   69.4754
1576   69.4836
1577   69.5279
1578   69.507
1579   69.4428
1580   69.4287
1581   69.436
1582   69.4381
1583   69.4331
1584   69.4422
1585   69.4459
1586   69.4533
1587   69.4814
1588   69.4497
1589   69.453
1590   69.435
1591   69.4284
1592   69.4437
1593   69.4522
1594   69.4668
1595   69.4389
1596   69.4417
1597   69.445
1598   69.4829
1599   69.4925
1600   69.5163
1601   69.4618
1602   69.4734
1603   69.5033
1604   69.4443
1605   69.4313
1606   69.4287
1607   69.4336
1608   69.4301
1609   69.4666
1610   69.4345
1611   69.437
1612   69.4407
1613   69.4766
1614   69.4658
1615   69.4401
1616   69.445
1617   69.4284
1618   69.4284
1619   69.4286
1620   69.4284
1621   69.4284
1622   69.4476
1623   69.4606
1624   69.4906
1625   69.4407
1626   69.4767
1627   69.4396
1628   69.4306
1629   69.4876
1630   69.469
1631   69.5242
1632   69.5099
1633   69.5174
1634   69.4675
1635   69.4617
1636   69.4533
1637   69.4783
1638   69.4612
1639   69.4334
1640   69.448
1641   69.448
1642   69.4627
1643   69.4389
1644   69.4506
1645   69.4811
1646   69.4595
1647   69.4356
1648   69.4286
1649   69.4284
1650   69.4284
1651   69.4327
1652   69.4296
1653   69.4412
1654   69.4626
1655   69.4715
1656   69.4814
1657   69.4669
1658   69.4947
1659   69.4537
1660   69.4632
1661   69.4445
1662   69.4406
1663   69.4781
1664   69.4832
1665   69.4505
1666   69.4453
1667   69.4599
1668   69.4512
1669   69.4409
1670   69.4353
1671   69.4474
1672   69.4333
1673   69.4291
1674   69.4383
1675   69.4438
1676   69.4332
1677   69.4372
1678   69.4384
1679   69.4482
1680   69.4412
1681   69.4305
1682   69.4287
1683   69.4437
1684   69.4285
1685   69.4367
1686   69.4563
1687   69.4342
1688   69.4322
1689   69.4473
1690   69.4669
1691   69.4284
1692   69.4286
1693   69.4338
1694   69.4767
1695   69.501
1696   69.4787
1697   69.4885
1698   69.5172
1699   69.5102
1700   69.5198
1701   69.4545
1702   69.4418
1703   69.4333
1704   69.4481
1705   69.4819
1706   69.4559
1707   69.4332
1708   69.4443
1709   69.4394
1710   69.4289
1711   69.4303
1712   69.4862
1713   69.5156
1714   69.5324
1715   69.468
1716   69.4586
1717   69.4376
1718   69.4301
1719   69.4385
1720   69.4296
1721   69.4301
1722   69.4284
1723   69.4413
1724   69.449
1725   69.429
1726   69.45
1727   69.4399
1728   69.4512
1729   69.429
1730   69.4461
1731   69.4302
1732   69.4284
1733   69.4323
1734   69.4284
1735   69.4325
1736   69.4399
1737   69.4507
1738   69.4299
1739   69.4284
1740   69.436
1741   69.4362
1742   69.4331
1743   69.4286
1744   69.4285
1745   69.4466
1746   69.4368
1747   69.4444
1748   69.4581
1749   69.4937
1750   69.5198
1751   69.555
1752   69.4995
1753   69.4882
1754   69.4946
1755   69.5102
1756   69.5264
1757   69.5109
1758   69.4875
1759   69.5066
1760   69.4742
1761   69.4493
1762   69.446
1763   69.4473
1764   69.4364
1765   69.4669
1766   69.532
1767   69.471
1768   69.4616
1769   69.4585
1770   69.4323
1771   69.4284
1772   69.4339
1773   69.4292
1774   69.4413
1775   69.4753
1776   69.4467
1777   69.447
1778   69.4295
1779   69.4354
1780   69.4308
1781   69.4284
1782   69.4381
1783   69.4612
1784   69.4284
1785   69.4327
1786   69.4309
1787   69.4284
1788   69.4284
1789   69.4408
1790   69.4421
1791   69.4548
1792   69.4458
1793   69.4403
1794   69.4533
1795   69.4772
1796   69.4897
1797   69.5559
1798   69.5024
1799   69.5011
1800   69.4816
1801   69.4782
1802   69.4401
1803   69.4577
1804   69.4697
1805   69.5161
1806   69.4792
1807   69.451
1808   69.4779
1809   69.4689
1810   69.4423
1811   69.4653
1812   69.4572
1813   69.5088
1814   69.4644
1815   69.4287
1816   69.4517
1817   69.4446
1818   69.4367
1819   69.4489
1820   69.4549
1821   69.4526
1822   69.482
1823   69.4332
1824   69.4329
1825   69.4287
1826   69.4284
1827   69.429
1828   69.4586
1829   69.4511
1830   69.4354
1831   69.4361
1832   69.4632
1833   69.4354
1834   69.4507
1835   69.4541
1836   69.4439
1837   69.4572
1838   69.4807
1839   69.4379
1840   69.4493
1841   69.4376
1842   69.4307
1843   69.4284
1844   69.4321
1845   69.4374
1846   69.4313
1847   69.4643
1848   69.447
1849   69.4529
1850   69.469
1851   69.4479
1852   69.4659
1853   69.4836
1854   69.4434
1855   69.4581
1856   69.4295
1857   69.4284
1858   69.4284
1859   69.4316
1860   69.4584
1861   69.4633
1862   69.4525
1863   69.437
1864   69.4284
1865   69.4388
1866   69.476
1867   69.4561
1868   69.4769
1869   69.4731
1870   69.445
1871   69.4332
1872   69.4284
1873   69.4339
1874   69.4714
1875   69.4933
1876   69.4692
1877   69.4469
1878   69.4665
1879   69.4894
1880   69.4481
1881   69.4622
1882   69.4438
1883   69.4805
1884   69.4789
1885   69.4759
1886   69.4589
1887   69.452
1888   69.4286
1889   69.4436
1890   69.4419
1891   69.4289
1892   69.4548
1893   69.4284
1894   69.4293
1895   69.4289
1896   69.4336
1897   69.434
1898   69.4353
1899   69.4361
1900   69.4284
1901   69.4346
1902   69.4454
1903   69.4329
1904   69.4931
1905   69.4646
1906   69.4459
1907   69.4592
1908   69.4372
1909   69.4423
1910   69.4457
1911   69.4557
1912   69.44
1913   69.4386
1914   69.4365
1915   69.4298
1916   69.4344
1917   69.4688
1918   69.453
1919   69.4581
1920   69.4754
1921   69.4335
1922   69.4614
1923   69.4929
1924   69.4492
1925   69.4284
1926   69.4284
1927   69.4284
1928   69.4403
1929   69.4405
1930   69.4346
1931   69.43
1932   69.4597
1933   69.4726
1934   69.4454
1935   69.4412
1936   69.4976
1937   69.4357
1938   69.4284
1939   69.4393
1940   69.4583
1941   69.4793
1942   69.433
1943   69.4335
1944   69.4376
1945   69.4362
1946   69.4346
1947   69.4748
1948   69.4434
1949   69.4354
1950   69.4645
1951   69.457
1952   69.4379
1953   69.4321
1954   69.4595
1955   69.4779
1956   69.4578
1957   69.4562
1958   69.4532
1959   69.4349
1960   69.4556
1961   69.4372
1962   69.4284
1963   69.4284
1964   69.4284
1965   69.4284
1966   69.4303
1967   69.47
1968   69.4412
1969   69.4361
1970   69.4432
1971   69.4289
1972   69.4284
1973   69.4442
1974   69.4501
1975   69.4601
1976   69.4599
1977   69.4513
1978   69.4484
1979   69.4441
1980   69.4735
1981   69.4442
1982   69.4346
1983   69.4284
1984   69.4299
1985   69.4308
1986   69.4513
1987   69.445
1988   69.4359
1989   69.4358
1990   69.4375
1991   69.4311
1992   69.4392
1993   69.4389
1994   69.4894
1995   69.4501
1996   69.4436
1997   69.4882
1998   69.4801
1999   69.491
2000   69.4758
2001   69.475
2002   69.4564
2003   69.4407
2004   69.4284
2005   69.4307
2006   69.4368
2007   69.4459
2008   69.4939
2009   69.4667
2010   69.4778
2011   69.4387
2012   69.4543
2013   69.4547
2014   69.4288
2015   69.4305
2016   69.4449
2017   69.4326
2018   69.4431
2019   69.5132
2020   69.5099
2021   69.472
2022   69.4414
2023   69.4418
2024   69.4496
2025   69.4853
2026   69.5101
2027   69.5069
2028   69.4855
2029   69.4925
2030   69.4692
2031   69.4504
2032   69.4411
2033   69.4515
2034   69.4492
2035   69.4718
2036   69.4567
2037   69.4573
2038   69.4865
2039   69.4612
2040   69.453
2041   69.4812
2042   69.4469
2043   69.4389
2044   69.4551
2045   69.4532
2046   69.4951
2047   69.4754
2048   69.4502
2049   69.4536
2050   69.4455
2051   69.467
2052   69.4658
2053   69.4864
2054   69.4918
2055   69.5048
2056   69.4564
2057   69.4304
2058   69.4392
2059   69.4718
2060   69.4759
2061   69.4369
2062   69.4341
2063   69.4361
2064   69.456
2065   69.4298
2066   69.4328
2067   69.4284
2068   69.4345
2069   69.4456
2070   69.4333
2071   69.4342
2072   69.434
2073   69.4289
2074   69.4284
2075   69.432
2076   69.4284
2077   69.4284
2078   69.4296
2079   69.4472
2080   69.429
2081   69.4298
2082   69.4583
2083   69.433
2084   69.4379
2085   69.4341
2086   69.4315
2087   69.4416
2088   69.4459
2089   69.464
2090   69.4695
2091   69.4343
2092   69.4823
2093   69.4754
2094   69.5211
2095   69.4867
2096   69.4547
2097   69.4408
2098   69.446
2099   69.4284
2100   69.4396
2101   69.431
2102   69.4538
2103   69.4458
2104   69.4382
2105   69.4285
2106   69.4295
2107   69.4406
2108   69.4284
2109   69.4477
2110   69.4516
2111   69.4365
2112   69.4295
2113   69.4378
2114   69.4409
2115   69.4425
2116   69.4417
2117   69.4381
2118   69.439
2119   69.4354
2120   69.4328
2121   69.4285
2122   69.4514
2123   69.4532
2124   69.4561
2125   69.4859
2126   69.4326
2127   69.4284
2128   69.4368
2129   69.4284
2130   69.4473
2131   69.4566
2132   69.4727
2133   69.4471
2134   69.4487
2135   69.4418
2136   69.4562
2137   69.4627
2138   69.431
2139   69.4418
2140   69.437
2141   69.4305
2142   69.4284
2143   69.4288
2144   69.4319
2145   69.4296
2146   69.4284
2147   69.4285
2148   69.4309
2149   69.4284
2150   69.4359
2151   69.4284
2152   69.4433
2153   69.4472
2154   69.4481
2155   69.449
2156   69.4397
2157   69.4653
2158   69.4348
2159   69.4449
2160   69.4284
2161   69.4375
2162   69.4284
2163   69.4325
2164   69.4407
2165   69.4357
2166   69.443
2167   69.4412
2168   69.4427
2169   69.4364
2170   69.4315
2171   69.4669
2172   69.4386
2173   69.4396
2174   69.442
2175   69.4532
2176   69.4533
2177   69.4386
2178   69.4741
2179   69.4471
2180   69.4664
2181   69.457
2182   69.447
2183   69.4284
2184   69.4397
2185   69.4429
2186   69.473
2187   69.4766
2188   69.4576
2189   69.4362
2190   69.4614
2191   69.435
2192   69.4377
2193   69.4306
2194   69.4365
2195   69.4394
2196   69.4774
2197   69.4894
2198   69.4829
2199   69.5178
2200   69.4943
2201   69.4559
2202   69.4284
2203   69.4339
2204   69.4287
2205   69.4284
2206   69.444
2207   69.4332
2208   69.4284
2209   69.4284
2210   69.4384
2211   69.4306
2212   69.4303
2213   69.4427
2214   69.4423
2215   69.4346
2216   69.4432
2217   69.4329
2218   69.4632
2219   69.4293
2220   69.4337
2221   69.4284
2222   69.4369
2223   69.4622
2224   69.473
2225   69.4296
2226   69.4484
2227   69.4298
2228   69.4328
2229   69.4308
2230   69.4311
2231   69.4631
2232   69.4653
2233   69.4416
2234   69.4457
2235   69.4326
2236   69.4328
2237   69.4385
2238   69.4284
2239   69.4566
2240   69.4445
2241   69.4815
2242   69.4967
2243   69.4644
2244   69.4682
2245   69.4516
2246   69.4621
2247   69.4682
2248   69.4832
2249   69.5187
2250   69.5029
2251   69.464
2252   69.485
2253   69.4957
2254   69.5207
2255   69.4698
2256   69.5092
2257   69.5002
2258   69.4606
2259   69.4303
2260   69.4548
2261   69.4599
2262   69.4439
2263   69.4601
2264   69.4491
2265   69.461
2266   69.4824
2267   69.4498
2268   69.4385
2269   69.4437
2270   69.4693
2271   69.4906
2272   69.4714
2273   69.4394
2274   69.4641
2275   69.4612
2276   69.4472
2277   69.457
2278   69.4354
2279   69.4293
2280   69.4338
2281   69.4411
2282   69.4609
2283   69.463
2284   69.4514
2285   69.4517
2286   69.4382
2287   69.4352
2288   69.4313
2289   69.4284
2290   69.4545
2291   69.4564
2292   69.4455
2293   69.4412
2294   69.4356
2295   69.4516
2296   69.4532
2297   69.4543
2298   69.4456
2299   69.4786
2300   69.4979
2301   69.5091
2302   69.4473
2303   69.4759
2304   69.4876
2305   69.4748
2306   69.5159
2307   69.4755
2308   69.4817
2309   69.4645
2310   69.4685
2311   69.463
2312   69.4614
2313   69.4451
2314   69.4489
2315   69.4284
2316   69.4284
2317   69.4472
2318   69.4508
2319   69.4555
2320   69.4851
2321   69.4888
2322   69.478
2323   69.4517
2324   69.4338
2325   69.4301
2326   69.4393
2327   69.452
2328   69.4341
2329   69.4285
2330   69.4284
2331   69.4412
2332   69.4566
2333   69.4516
2334   69.4563
2335   69.4618
2336   69.4835
2337   69.4896
2338   69.451
2339   69.4323
2340   69.4284
2341   69.4313
2342   69.4555
2343   69.4623
2344   69.4522
2345   69.4313
2346   69.4381
2347   69.4335
2348   69.4284
2349   69.4284
2350   69.4386
2351   69.4291
2352   69.449
2353   69.4817
2354   69.4864
2355   69.4884
2356   69.4534
2357   69.4574
2358   69.443
2359   69.4288
2360   69.4284
2361   69.4591
2362   69.4448
2363   69.4535
2364   69.4337
2365   69.4719
2366   69.5337
2367   69.5201
2368   69.4936
2369   69.4608
2370   69.4514
2371   69.4351
2372   69.4547
2373   69.4501
2374   69.4395
2375   69.43
2376   69.438
2377   69.4591
2378   69.4546
2379   69.4691
2380   69.4723
2381   69.4995
2382   69.4463
2383   69.4533
2384   69.4593
2385   69.4983
2386   69.4891
2387   69.5052
2388   69.4889
2389   69.4625
2390   69.4454
2391   69.4386
2392   69.4468
2393   69.451
2394   69.4464
2395   69.4348
2396   69.4431
2397   69.4668
2398   69.4327
2399   69.4284
2400   69.4284
2401   69.4284
2402   69.4284
2403   69.4284
2404   69.4513
2405   69.4833
2406   69.4691
2407   69.4578
2408   69.4609
2409   69.4565
2410   69.4478
2411   69.4814
2412   69.4633
2413   69.4595
2414   69.4442
2415   69.4294
2416   69.4441
2417   69.4418
2418   69.4518
2419   69.4344
2420   69.4485
2421   69.4417
2422   69.4368
2423   69.4365
2424   69.4551
2425   69.4524
2426   69.4446
2427   69.4362
2428   69.4284
2429   69.4466
2430   69.4298
2431   69.4285
2432   69.4284
2433   69.4392
2434   69.4644
2435   69.4442
2436   69.4307
2437   69.4301
2438   69.506
2439   69.4484
2440   69.4482
2441   69.4524
2442   69.4397
2443   69.4501
2444   69.4484
2445   69.4916
2446   69.4517
2447   69.4361
2448   69.4379
2449   69.4486
2450   69.4409
2451   69.4617
2452   69.438
2453   69.464
2454   69.4325
2455   69.432
2456   69.434
2457   69.432
2458   69.4422
2459   69.429
2460   69.4363
2461   69.4638
2462   69.4565
2463   69.4425
2464   69.4284
2465   69.4284
2466   69.4716
2467   69.4958
2468   69.4977
2469   69.4978
2470   69.4704
2471   69.4581
2472   69.4806
2473   69.4708
2474   69.48
2475   69.522
2476   69.4701
2477   69.4393
2478   69.4523
2479   69.4523
2480   69.4464
2481   69.4374
2482   69.4366
2483   69.4421
2484   69.4371
2485   69.4284
2486   69.4303
2487   69.4463
2488   69.4622
2489   69.4674
2490   69.4389
2491   69.4284
2492   69.4284
2493   69.4284
2494   69.4284
2495   69.4284
2496   69.4306
2497   69.4374
2498   69.4634
2499   69.4376
