0   473.62
1   457.808
2   443.651
3   430.116
4   419.655
5   410.547
6   401.696
7   392.678
8   384.483
9   376.87
10   369.582
11   361.202
12   353.819
13   345.732
14   338.704
15   332.69
16   327
17   321.449
18   316.604
19   311.305
20   306.543
21   301.31
22   295.737
23   290.088
24   284.709
25   279.054
26   273.511
27   267.2
28   260.334
29   254.079
30   248.216
31   244.05
32   240.382
33   237.17
34   233.985
35   231.374
36   228.896
37   226.847
38   224.549
39   222.618
40   220.446
41   218.056
42   215.823
43   213.5
44   210.613
45   207.666
46   204.706
47   201.737
48   199.084
49   196.558
50   194.118
51   191.746
52   189.948
53   188.185
54   186.368
55   184.784
56   183.198
57   181.411
58   179.255
59   177.486
60   175.603
61   173.828
62   172.47
63   171.142
64   169.6
65   168.408
66   167.247
67   165.973
68   164.611
69   163.497
70   162.26
71   161.19
72   160.125
73   159.072
74   158.334
75   157.498
76   156.728
77   156.003
78   155.04
79   154.135
80   153.122
81   152.033
82   150.805
83   149.764
84   148.615
85   147.43
86   146.202
87   145.148
88   143.848
89   142.333
90   140.784
91   139.332
92   137.829
93   136.26
94   134.931
95   133.595
96   132.517
97   131.527
98   130.522
99   129.489
100   128.434
101   127.49
102   126.449
103   125.553
104   124.673
105   123.832
106   123.019
107   122.484
108   122.008
109   121.647
110   121.214
111   120.784
112   120.418
113   119.923
114   119.57
115   119.155
116   118.763
117   118.222
118   117.754
119   117.295
120   116.815
121   116.365
122   115.819
123   115.222
124   114.395
125   113.809
126   113.317
127   112.665
128   112.1
129   111.558
130   111.01
131   110.468
132   109.929
133   109.391
134   108.855
135   108.241
136   107.598
137   107.136
138   106.702
139   106.204
140   105.735
141   105.291
142   104.913
143   104.63
144   104.358
145   104.252
146   104.168
147   103.984
148   103.762
149   103.584
150   103.44
151   103.317
152   103.285
153   103.307
154   103.097
155   102.999
156   102.734
157   102.789
158   102.639
159   102.324
160   101.92
161   101.734
162   101.586
163   101.149
164   100.86
165   100.597
166   100.403
167   100.087
168   99.7054
169   99.4322
170   99.1483
171   98.8073
172   98.4667
173   98.1582
174   97.6879
175   97.4263
176   96.9408
177   96.5502
178   96.3059
179   96.0205
180   95.7515
181   95.6006
182   95.5346
183   95.338
184   95.0702
185   94.9309
186   94.782
187   94.4727
188   94.3032
189   94.1412
190   93.8079
191   93.5772
192   93.1994
193   92.8066
194   92.5793
195   92.1906
196   91.7662
197   91.4313
198   91.1696
199   90.9059
200   90.7688
201   90.5311
202   90.3308
203   90.1708
204   90.0054
205   89.7884
206   89.4891
207   89.2518
208   89.0266
209   88.7924
210   88.4582
211   88.2015
212   87.91
213   87.7318
214   87.5505
215   87.3991
216   87.1849
217   86.9
218   86.6389
219   86.3336
220   86.1137
221   85.9036
222   85.7504
223   85.5599
224   85.3594
225   85.0853
226   84.8567
227   84.6579
228   84.4679
229   84.0694
230   83.5556
231   83.0096
232   82.348
233   81.7666
234   81.2704
235   81.0165
236   80.7607
237   80.537
238   80.2546
239   80.0508
240   79.8483
241   79.6943
242   79.5425
243   79.4229
244   79.2909
245   79.2306
246   79.081
247   78.8414
248   78.5982
249   78.377
250   78.1965
251   78.0423
252   77.8649
253   77.7158
254   77.6316
255   77.5174
256   77.418
257   77.334
258   77.2857
259   77.1185
260   76.9063
261   76.7635
262   76.6339
263   76.5526
264   76.4266
265   76.3739
266   76.2283
267   76.1362
268   76.0613
269   75.9674
270   75.912
271   75.8068
272   75.6727
273   75.5537
274   75.4199
275   75.3166
276   75.2152
277   75.1066
278   75.0248
279   74.9567
280   74.8778
281   74.8322
282   74.7707
283   74.7133
284   74.6135
285   74.5628
286   74.4107
287   74.2897
288   74.1329
289   73.9934
290   73.8388
291   73.7405
292   73.6412
293   73.5288
294   73.5218
295   73.4637
296   73.3925
297   73.2683
298   73.2034
299   72.9948
300   72.8079
301   72.5388
302   72.4017
303   72.1915
304   72.0251
305   71.8789
306   71.8295
307   71.7532
308   71.6537
309   71.6373
310   71.5194
311   71.4805
312   71.4682
313   71.427
314   71.4058
315   71.3735
316   71.3721
317   71.3068
318   71.2784
319   71.2577
320   71.3099
321   71.2627
322   71.169
323   71.1355
324   71.0033
325   70.8831
326   70.8152
327   70.7061
328   70.6065
329   70.5168
330   70.4681
331   70.3844
332   70.3098
333   70.2283
334   70.1142
335   70.046
336   69.993
337   69.8717
338   69.8393
339   69.7942
340   69.8074
341   69.7572
342   69.7587
343   69.7232
344   69.7216
345   69.7197
346   69.7504
347   69.7683
348   69.7058
349   69.7035
350   69.7021
351   69.7078
352   69.6988
353   69.6984
354   69.699
355   69.7241
356   69.7418
357   69.7397
358   69.7837
359   69.7658
360   69.7348
361   69.7389
362   69.7286
363   69.7575
364   69.7015
365   69.7006
366   69.701
367   69.7278
368   69.7543
369   69.7007
370   69.7194
371   69.7141
372   69.7961
373   69.726
374   69.7168
375   69.7088
376   69.6963
377   69.7146
378   69.6963
379   69.717
380   69.7344
381   69.717
382   69.7567
383   69.7078
384   69.7045
385   69.7065
386   69.7338
387   69.7238
388   69.7182
389   69.7009
390   69.7281
391   69.7076
392   69.6963
393   69.7161
394   69.7163
395   69.7028
396   69.7145
397   69.7214
398   69.6963
399   69.7116
400   69.7032
401   69.752
402   69.7521
403   69.7696
404   69.7486
405   69.7522
406   69.7307
407   69.8154
408   69.8057
409   69.7743
410   69.7193
411   69.722
412   69.7764
413   69.7422
414   69.7032
415   69.6987
416   69.6967
417   69.6963
418   69.6963
419   69.6963
420   69.6965
421   69.7256
422   69.7232
423   69.746
424   69.7466
425   69.7344
426   69.7095
427   69.709
428   69.7252
429   69.7378
430   69.7103
431   69.72
432   69.7361
433   69.7316
434   69.7325
435   69.721
436   69.7215
437   69.7015
438   69.6963
439   69.6995
440   69.7113
441   69.7151
442   69.7021
443   69.7196
444   69.735
445   69.7499
446   69.7241
447   69.7059
448   69.7488
449   69.7846
450   69.7187
451   69.7177
452   69.7093
453   69.7051
454   69.6989
455   69.697
456   69.7047
457   69.706
458   69.6963
459   69.6963
460   69.7187
461   69.7013
462   69.7081
463   69.7351
464   69.7045
465   69.7043
466   69.7487
467   69.7786
468   69.7546
469   69.728
470   69.724
471   69.7146
472   69.7042
473   69.7063
474   69.7229
475   69.7561
476   69.7506
477   69.7365
478   69.7127
479   69.707
480   69.6967
481   69.7014
482   69.707
483   69.7089
484   69.71
485   69.7052
486   69.6963
487   69.6963
488   69.6963
489   69.6963
490   69.6963
491   69.6968
492   69.6966
493   69.7074
494   69.7443
495   69.7321
496   69.7479
497   69.7651
498   69.7137
499   69.7104
500   69.72
501   69.7227
502   69.6979
503   69.7038
504   69.7003
505   69.6963
506   69.6963
507   69.7027
508   69.6963
509   69.6963
510   69.6963
511   69.7475
512   69.7352
513   69.7598
514   69.7274
515   69.7543
516   69.7047
517   69.7139
518   69.7476
519   69.7474
520   69.7906
521   69.762
522   69.7676
523   69.74
524   69.7036
525   69.6968
526   69.698
527   69.698
528   69.7057
529   69.7015
530   69.7085
531   69.7218
532   69.7257
533   69.7348
534   69.7202
535   69.714
536   69.7413
537   69.7028
538   69.7063
539   69.6963
540   69.6963
541   69.6963
542   69.7015
543   69.7127
544   69.7081
545   69.7196
546   69.706
547   69.6963
548   69.7199
549   69.7264
550   69.7111
551   69.7777
552   69.8134
553   69.7931
554   69.7823
555   69.7382
556   69.7372
557   69.7389
558   69.7589
559   69.7551
560   69.7421
561   69.7478
562   69.714
563   69.7083
564   69.6963
565   69.6967
566   69.6963
567   69.6963
568   69.6963
569   69.6963
570   69.6963
571   69.6984
572   69.6963
573   69.7096
574   69.703
575   69.6982
576   69.7027
577   69.7042
578   69.7193
579   69.7113
580   69.6985
581   69.6751
582   69.6864
583   69.6587
584   69.6542
585   69.6836
586   69.6931
587   69.6385
588   69.6701
589   69.6351
590   69.5995
591   69.6017
592   69.5174
593   69.4794
594   69.437
595   69.3924
596   69.4055
597   69.3945
598   69.3635
599   69.3757
600   69.3984
601   69.3659
602   69.3572
603   69.3674
604   69.3353
605   69.2909
606   69.3241
607   69.3132
608   69.2697
609   69.2464
610   69.2445
611   69.2485
612   69.2576
613   69.256
614   69.2518
615   69.2452
616   69.2689
617   69.2712
618   69.2715
619   69.3024
620   69.2739
621   69.3178
622   69.2822
623   69.2529
624   69.2445
625   69.2597
626   69.2647
627   69.2585
628   69.2562
629   69.279
630   69.2831
631   69.2905
632   69.2715
633   69.2788
634   69.2783
635   69.2832
636   69.2534
637   69.2724
638   69.2714
639   69.2666
640   69.2499
641   69.2653
642   69.2444
643   69.2433
644   69.248
645   69.254
646   69.301
647   69.3145
648   69.2471
649   69.2897
650   69.2879
651   69.2709
652   69.1888
653   69.1697
654   69.1279
655   69.1058
656   69.1104
657   69.1215
658   69.0721
659   69.0515
660   68.9705
661   68.9393
662   68.862
663   68.798
664   68.7393
665   68.7602
666   68.7126
667   68.7002
668   68.6721
669   68.6817
670   68.7162
671   68.7164
672   68.6888
673   68.7028
674   68.7119
675   68.7256
676   68.649
677   68.6889
678   68.6474
679   68.6471
680   68.6621
681   68.7545
682   68.7413
683   68.6804
684   68.7012
685   68.6689
686   68.648
687   68.6471
688   68.6511
689   68.6971
690   68.7005
691   68.6683
692   68.6713
693   68.673
694   68.6776
695   68.6626
696   68.6588
697   68.6471
698   68.6473
699   68.651
700   68.6552
701   68.6635
702   68.6765
703   68.6664
704   68.6734
705   68.6616
706   68.6553
707   68.6471
708   68.6471
709   68.6471
710   68.6471
711   68.6518
712   68.6471
713   68.6584
714   68.651
715   68.6609
716   68.6879
717   68.6742
718   68.6482
719   68.6471
720   68.6509
721   68.6471
722   68.6474
723   68.6471
724   68.6475
725   68.6471
726   68.6471
727   68.6471
728   68.6471
729   68.6471
730   68.6605
731   68.6667
732   68.6672
733   68.6726
734   68.6473
735   68.6505
736   68.6617
737   68.6528
738   68.6698
739   68.6574
740   68.6651
741   68.6694
742   68.6659
743   68.6538
744   68.6633
745   68.6471
746   68.6563
747   68.6571
748   68.6478
749   68.656
750   68.6655
751   68.6909
752   68.7128
753   68.7044
754   68.6998
755   68.6948
756   68.6688
757   68.6473
758   68.6275
759   68.6087
760   68.586
761   68.5616
762   68.5519
763   68.5115
764   68.4733
765   68.4387
766   68.3998
767   68.3862
768   68.3713
769   68.3281
770   68.3181
771   68.3326
772   68.3177
773   68.3154
774   68.3216
775   68.3351
776   68.3116
777   68.3172
778   68.3224
779   68.3063
780   68.3233
781   68.3238
782   68.3225
783   68.3505
784   68.329
785   68.3131
786   68.3927
787   68.3145
788   68.3044
789   68.302
790   68.302
791   68.3032
792   68.3276
793   68.3037
794   68.3099
795   68.302
796   68.3021
797   68.3024
798   68.302
799   68.302
800   68.3021
801   68.302
802   68.3066
803   68.3429
804   68.364
805   68.3028
806   68.303
807   68.3037
808   68.3136
809   68.3323
810   68.3138
811   68.3434
812   68.3197
813   68.302
814   68.3049
815   68.3093
816   68.302
817   68.302
818   68.3029
819   68.306
820   68.3064
821   68.3107
822   68.316
823   68.3023
824   68.3188
825   68.3193
826   68.3198
827   68.3187
828   68.3029
829   68.302
830   68.3049
831   68.3082
832   68.3143
833   68.3031
834   68.302
835   68.302
836   68.3042
837   68.3115
838   68.3101
839   68.3045
840   68.3163
841   68.3271
842   68.3144
843   68.3283
844   68.3506
845   68.333
846   68.3634
847   68.302
848   68.3108
849   68.303
850   68.3126
851   68.3114
852   68.3355
853   68.331
854   68.3658
855   68.3631
856   68.3453
857   68.34
858   68.3757
859   68.3277
860   68.3266
861   68.3032
862   68.3262
863   68.3089
864   68.31
865   68.3044
866   68.3284
867   68.3521
868   68.3537
869   68.3155
870   68.3047
871   68.3027
872   68.3112
873   68.302
874   68.3054
875   68.3267
876   68.3535
877   68.3032
878   68.3115
879   68.3252
880   68.3099
881   68.3114
882   68.3178
883   68.3133
884   68.3208
885   68.4269
886   68.429
887   68.3888
888   68.4029
889   68.3342
890   68.3296
891   68.3083
892   68.3082
893   68.3098
894   68.3208
895   68.306
896   68.302
897   68.302
898   68.3021
899   68.3027
900   68.3501
901   68.3857
902   68.3434
903   68.3422
904   68.3582
905   68.3801
906   68.4543
907   68.3269
908   68.3295
909   68.3144
910   68.3034
911   68.302
912   68.302
913   68.302
914   68.3074
915   68.3613
916   68.3353
917   68.3831
918   68.3731
919   68.3132
920   68.3055
921   68.3041
922   68.323
923   68.3093
924   68.345
925   68.4576
926   68.4524
927   68.4021
928   68.3754
929   68.3729
930   68.3852
931   68.4246
932   68.3614
933   68.3762
934   68.3236
935   68.3164
936   68.3023
937   68.3051
938   68.3189
939   68.3263
940   68.3153
941   68.3271
942   68.3442
943   68.3289
944   68.3185
945   68.3156
946   68.3058
947   68.3222
948   68.3157
949   68.3029
950   68.302
951   68.3021
952   68.3222
953   68.3114
954   68.302
955   68.303
956   68.3245
957   68.3362
958   68.3047
959   68.3214
960   68.3177
961   68.3126
962   68.3255
963   68.3123
964   68.3834
965   68.3442
966   68.312
967   68.3714
968   68.3214
969   68.3081
970   68.328
971   68.3106
972   68.3052
973   68.3083
974   68.3334
975   68.3279
976   68.3401
977   68.3291
978   68.3178
979   68.3138
980   68.3174
981   68.3081
982   68.3153
983   68.302
984   68.3277
985   68.3047
986   68.3153
987   68.3213
988   68.3024
989   68.302
990   68.3036
991   68.3097
992   68.3203
993   68.3115
994   68.3278
995   68.3855
996   68.3681
997   68.333
998   68.3448
999   68.3309
1000   68.3145
1001   68.3186
1002   68.3414
1003   68.317
1004   68.3229
1005   68.3098
1006   68.3031
1007   68.302
1008   68.3125
1009   68.3228
1010   68.3098
1011   68.3326
1012   68.3104
1013   68.3056
1014   68.3423
1015   68.3176
1016   68.3096
1017   68.3099
1018   68.3152
1019   68.3479
1020   68.314
1021   68.3185
1022   68.3313
1023   68.3333
1024   68.3223
1025   68.3299
1026   68.3276
1027   68.3037
1028   68.302
1029   68.302
1030   68.3094
1031   68.3177
1032   68.3388
1033   68.3312
1034   68.3286
1035   68.3239
1036   68.3019
1037   68.3137
1038   68.3143
1039   68.31
1040   68.3186
1041   68.2792
1042   68.2937
1043   68.2646
1044   68.281
1045   68.2144
1046   68.1943
1047   68.192
1048   68.1912
1049   68.1847
1050   68.1847
1051   68.1896
1052   68.1856
1053   68.1878
1054   68.1988
1055   68.1999
1056   68.2196
1057   68.185
1058   68.2038
1059   68.1912
1060   68.1906
1061   68.2128
1062   68.2197
1063   68.1907
1064   68.2178
1065   68.2054
1066   68.2181
1067   68.1715
1068   68.1333
1069   68.1224
1070   68.0818
1071   68.0768
1072   68.0531
1073   68.0436
1074   68.0393
1075   68.0552
1076   68.0549
1077   68.0431
1078   68.037
1079   68.0361
1080   68.0408
1081   68.0361
1082   68.0367
1083   68.0361
1084   68.0453
1085   68.0592
1086   68.0475
1087   68.0582
1088   68.0543
1089   68.0495
1090   68.0485
1091   68.0469
1092   68.0492
1093   68.0981
1094   68.0783
1095   68.0852
1096   68.0484
1097   68.0415
1098   68.0539
1099   68.1515
1100   68.1936
1101   68.1405
1102   68.1181
1103   68.1701
1104   68.1349
1105   68.0647
1106   68.0485
1107   68.0498
1108   68.066
1109   68.048
1110   68.0473
1111   68.0466
1112   68.0496
1113   68.0394
1114   68.038
1115   68.0375
1116   68.0433
1117   68.0551
1118   68.0514
1119   68.1398
1120   68.1169
1121   68.0685
1122   68.0597
1123   68.0774
1124   68.0784
1125   68.0386
1126   68.0472
1127   68.0554
1128   68.0613
1129   68.0356
1130   68.0385
1131   68.0465
1132   68.0356
1133   68.0389
1134   68.0356
1135   68.0356
1136   68.0356
1137   68.0492
1138   68.0408
1139   68.0356
1140   68.0524
1141   68.0408
1142   68.0356
1143   68.0435
1144   68.0356
1145   68.0551
1146   68.0505
1147   68.0412
1148   68.0382
1149   68.0819
1150   68.0694
1151   68.0641
1152   68.0671
1153   68.0543
1154   68.037
1155   68.0463
1156   68.0453
1157   68.0356
1158   68.0372
1159   68.0391
1160   68.0525
1161   68.0584
1162   68.0545
1163   68.0624
1164   68.0687
1165   68.121
1166   68.0576
1167   68.0521
1168   68.0496
1169   68.0491
1170   68.042
1171   68.0464
1172   68.0729
1173   68.0356
1174   68.0356
1175   68.0356
1176   68.0364
1177   68.0366
1178   68.0483
1179   68.052
1180   68.0644
1181   68.0839
1182   68.063
1183   68.0458
1184   68.066
1185   68.0476
1186   68.0417
1187   68.068
1188   68.0852
1189   68.0361
1190   68.0544
1191   68.0552
1192   68.1145
1193   68.0874
1194   68.0758
1195   68.0538
1196   68.0896
1197   68.0511
1198   68.0924
1199   68.0624
1200   68.0655
1201   68.0675
1202   68.0429
1203   68.0542
1204   68.0359
1205   68.0443
1206   68.046
1207   68.0362
1208   68.0356
1209   68.0417
1210   68.055
1211   68.036
1212   68.0408
1213   68.0403
1214   68.0469
1215   68.0409
1216   68.0565
1217   68.0607
1218   68.0557
1219   68.0703
1220   68.0647
1221   68.0725
1222   68.0652
1223   68.061
1224   68.0903
1225   68.0704
1226   68.0707
1227   68.0587
1228   68.0527
1229   68.0373
1230   68.0385
1231   68.0418
1232   68.0356
1233   68.0356
1234   68.0407
1235   68.0383
1236   68.0443
1237   68.0606
1238   68.0677
1239   68.0364
1240   68.038
1241   68.0416
1242   68.0412
1243   68.0435
1244   68.0356
1245   68.0356
1246   68.0454
1247   68.0361
1248   68.0424
1249   68.1101
1250   68.0993
1251   68.0438
1252   68.0378
1253   68.0513
1254   68.0512
1255   68.0475
1256   68.049
1257   68.046
1258   68.0356
1259   68.1025
1260   68.0528
1261   68.0627
1262   68.0787
1263   68.0702
1264   68.0518
1265   68.0375
1266   68.051
1267   68.0507
1268   68.047
1269   68.0386
1270   68.0656
1271   68.1522
1272   68.066
1273   68.0785
1274   68.0356
1275   68.0359
1276   68.0487
1277   68.0513
1278   68.0479
1279   68.0397
1280   68.0427
1281   68.1188
1282   68.1172
1283   68.0853
1284   68.0677
1285   68.0528
1286   68.0665
1287   68.0474
1288   68.0492
1289   68.0549
1290   68.0394
1291   68.04
1292   68.0515
1293   68.0592
1294   68.0385
1295   68.0916
1296   68.084
1297   68.0947
1298   68.0862
1299   68.0554
1300   68.1083
1301   68.0655
1302   68.0449
1303   68.0362
1304   68.0497
1305   68.0433
1306   68.0814
1307   68.1037
1308   68.0793
1309   68.0502
1310   68.0542
1311   68.1675
1312   68.1128
1313   68.1501
1314   68.0912
1315   68.0555
1316   68.0558
1317   68.0465
1318   68.0361
1319   68.0402
1320   68.0552
1321   68.0426
1322   68.0408
1323   68.0455
1324   68.0359
1325   68.0364
1326   68.0356
1327   68.0356
1328   68.0357
1329   68.043
1330   68.0517
1331   68.0791
1332   68.0403
1333   68.0699
1334   68.0503
1335   68.0372
1336   68.0733
1337   68.0544
1338   68.1274
1339   68.1446
1340   68.0858
1341   68.1185
1342   68.0867
1343   68.0929
1344   68.0718
1345   68.0774
1346   68.0679
1347   68.0818
1348   68.0734
1349   68.0778
1350   68.1071
1351   68.0642
1352   68.0501
1353   68.0593
1354   68.136
1355   68.141
1356   68.1061
1357   68.0654
1358   68.0787
1359   68.1279
1360   68.0611
1361   68.0763
1362   68.0709
1363   68.044
1364   68.0356
1365   68.0364
1366   68.0706
1367   68.0633
1368   68.0823
1369   68.0784
1370   68.1519
1371   68.1114
1372   68.0548
1373   68.0369
1374   68.0356
1375   68.0412
1376   68.0588
1377   68.07
1378   68.0532
1379   68.0974
1380   68.0634
1381   68.0799
1382   68.0647
1383   68.0614
1384   68.064
1385   68.0717
1386   68.0611
1387   68.0477
1388   68.0603
1389   68.038
1390   68.0462
1391   68.0471
1392   68.0378
1393   68.0522
1394   68.0712
1395   68.0432
1396   68.0502
1397   68.0733
1398   68.0997
1399   68.0954
1400   68.0874
1401   68.0698
1402   68.0625
1403   68.0401
1404   68.0472
1405   68.0356
1406   68.0447
1407   68.0391
1408   68.0686
1409   68.0356
1410   68.0356
1411   68.0356
1412   68.0388
1413   68.0456
1414   68.0451
1415   68.0379
1416   68.0367
1417   68.0362
1418   68.1085
1419   68.0586
1420   68.0495
1421   68.0641
1422   68.0964
1423   68.0439
1424   68.0373
1425   68.036
1426   68.0413
1427   68.0707
1428   68.0447
1429   68.0416
1430   68.0367
1431   68.045
1432   68.049
1433   68.0577
1434   68.0912
1435   68.0999
1436   68.0568
1437   68.0453
1438   68.0663
1439   68.0816
1440   68.0721
1441   68.1075
1442   68.0918
1443   68.0746
1444   68.0942
1445   68.0371
1446   68.0357
1447   68.0375
1448   68.0425
1449   68.0366
1450   68.0418
1451   68.0394
1452   68.0358
1453   68.0356
1454   68.0356
1455   68.0477
1456   68.063
1457   68.044
1458   68.0356
1459   68.0356
1460   68.0356
1461   68.0356
1462   68.0378
1463   68.0356
1464   68.0359
1465   68.0356
1466   68.0356
1467   68.0402
1468   68.0356
1469   68.0419
1470   68.0457
1471   68.053
1472   68.0529
1473   68.0435
1474   68.0713
1475   68.0722
1476   68.0766
1477   68.0476
1478   68.0412
1479   68.0361
1480   68.0357
1481   68.0406
1482   68.0751
1483   68.0365
1484   68.0495
1485   68.0356
1486   68.0362
1487   68.0427
1488   68.0429
1489   68.0378
1490   68.0397
1491   68.052
1492   68.0587
1493   68.0503
1494   68.0423
1495   68.0523
1496   68.0396
1497   68.0356
1498   68.0358
1499   68.0356
1500   68.0356
1501   68.0389
1502   68.0463
1503   68.0469
1504   68.0846
1505   68.0418
1506   68.05
1507   68.0455
1508   68.0364
1509   68.0514
1510   68.0391
1511   68.044
1512   68.0363
1513   68.0457
1514   68.0473
1515   68.0796
1516   68.0929
1517   68.0567
1518   68.0421
1519   68.0613
1520   68.0592
1521   68.0369
1522   68.0529
1523   68.0356
1524   68.0459
1525   68.0425
1526   68.0377
1527   68.0991
1528   68.1013
1529   68.0786
1530   68.0758
1531   68.0514
1532   68.048
1533   68.0462
1534   68.061
1535   68.0356
1536   68.0373
1537   68.0356
1538   68.0386
1539   68.0356
1540   68.0358
1541   68.0407
1542   68.037
1543   68.0424
1544   68.0403
1545   68.042
1546   68.0365
1547   68.0502
1548   68.0667
1549   68.1256
1550   68.1237
1551   68.0561
1552   68.0824
1553   68.1121
1554   68.0418
1555   68.0718
1556   68.0952
1557   68.0957
1558   68.0492
1559   68.0495
1560   68.0459
1561   68.0938
1562   68.087
1563   68.0647
1564   68.1117
1565   68.0884
1566   68.0767
1567   68.0563
1568   68.0356
1569   68.0356
1570   68.0356
1571   68.0663
1572   68.0652
1573   68.0379
1574   68.0366
1575   68.0361
1576   68.0446
1577   68.0504
1578   68.0908
1579   68.0698
1580   68.0645
1581   68.0383
1582   68.0378
1583   68.0469
1584   68.0404
1585   68.0691
1586   68.0722
1587   68.0873
1588   68.1153
1589   68.0848
1590   68.0613
1591   68.0623
1592   68.0657
1593   68.0621
1594   68.0576
1595   68.075
1596   68.0548
1597   68.0918
1598   68.0509
1599   68.0559
1600   68.0578
1601   68.0641
1602   68.0597
1603   68.0524
1604   68.0409
1605   68.0653
1606   68.0581
1607   68.0588
1608   68.0969
1609   68.0632
1610   68.0574
1611   68.0356
1612   68.102
1613   68.0724
1614   68.058
1615   68.0403
1616   68.0549
1617   68.0538
1618   68.0488
1619   68.0455
1620   68.0441
1621   68.0363
1622   68.0546
1623   68.0486
1624   68.0486
1625   68.048
1626   68.0529
1627   68.0565
1628   68.0692
1629   68.0367
1630   68.0401
1631   68.044
1632   68.0424
1633   68.0531
1634   68.0464
1635   68.0526
1636   68.0457
1637   68.0565
1638   68.0779
1639   68.0509
1640   68.0562
1641   68.0356
1642   68.0356
1643   68.0363
1644   68.0364
1645   68.0383
1646   68.0365
1647   68.0428
1648   68.0392
1649   68.0452
1650   68.0496
1651   68.0431
1652   68.0377
1653   68.0496
1654   68.0374
1655   68.0374
1656   68.0356
1657   68.0356
1658   68.0356
1659   68.0502
1660   68.0373
1661   68.0426
1662   68.0361
1663   68.0471
1664   68.0499
1665   68.0362
1666   68.0446
1667   68.0452
1668   68.0388
1669   68.0379
1670   68.0356
1671   68.0356
1672   68.0436
1673   68.0572
1674   68.09
1675   68.0443
1676   68.0419
1677   68.0356
1678   68.0356
1679   68.043
1680   68.0361
1681   68.0356
1682   68.0501
1683   68.0439
1684   68.0394
1685   68.0457
1686   68.0555
1687   68.0416
1688   68.0601
1689   68.0432
1690   68.061
1691   68.036
1692   68.0366
1693   68.0356
1694   68.0483
1695   68.0428
1696   68.0542
1697   68.0356
1698   68.0371
1699   68.0356
1700   68.0356
1701   68.0361
1702   68.0363
1703   68.0357
1704   68.0356
1705   68.0454
1706   68.0453
1707   68.0362
1708   68.0364
1709   68.0356
1710   68.0356
1711   68.0356
1712   68.047
1713   68.0632
1714   68.0716
1715   68.0522
1716   68.0782
1717   68.085
1718   68.0551
1719   68.0362
1720   68.0473
1721   68.0603
1722   68.1113
1723   68.0705
1724   68.066
1725   68.0615
1726   68.0376
1727   68.0383
1728   68.0536
1729   68.0419
1730   68.0434
1731   68.0493
1732   68.0496
1733   68.0526
1734   68.082
1735   68.0744
1736   68.0425
1737   68.0539
1738   68.0671
1739   68.0841
1740   68.1058
1741   68.0966
1742   68.0478
1743   68.0356
1744   68.0411
1745   68.0403
1746   68.048
1747   68.0386
1748   68.0506
1749   68.0595
1750   68.0524
1751   68.0816
1752   68.069
1753   68.0686
1754   68.0493
1755   68.0738
1756   68.1422
1757   68.1009
1758   68.1016
1759   68.0528
1760   68.0399
1761   68.0356
1762   68.0409
1763   68.043
1764   68.0412
1765   68.0418
1766   68.0449
1767   68.0363
1768   68.0546
1769   68.0502
1770   68.0381
1771   68.051
1772   68.0376
1773   68.0356
1774   68.0533
1775   68.0803
1776   68.0381
1777   68.0452
1778   68.0389
1779   68.0507
1780   68.0678
1781   68.0607
1782   68.0502
1783   68.0559
1784   68.1516
1785   68.1294
1786   68.0461
1787   68.0272
1788   67.9639
1789   67.9287
1790   67.5975
1791   67.2168
1792   66.8928
1793   66.6492
1794   66.3042
1795   65.9921
1796   65.7501
1797   65.627
1798   65.5165
1799   65.4543
1800   65.4668
1801   65.4137
1802   65.3985
1803   65.3904
1804   65.3904
1805   65.4054
1806   65.4375
1807   65.428
1808   65.3972
1809   65.3965
1810   65.4131
1811   65.4483
1812   65.4062
1813   65.4364
1814   65.4019
1815   65.405
1816   65.3948
1817   65.4163
1818   65.3931
1819   65.3933
1820   65.3904
1821   65.3904
1822   65.3905
1823   65.4004
1824   65.4068
1825   65.4197
1826   65.4084
1827   65.4218
1828   65.4123
1829   65.4259
1830   65.4392
1831   65.4159
1832   65.4138
1833   65.4135
1834   65.3996
1835   65.4131
1836   65.4049
1837   65.47
1838   65.4155
1839   65.3944
1840   65.4278
1841   65.4133
1842   65.4246
1843   65.4556
1844   65.4028
1845   65.4178
1846   65.4345
1847   65.4568
1848   65.4184
1849   65.3955
1850   65.422
1851   65.4255
1852   65.4023
1853   65.42
1854   65.4135
1855   65.4188
1856   65.4146
1857   65.3904
1858   65.3929
1859   65.3931
1860   65.3948
1861   65.404
1862   65.4179
1863   65.4494
1864   65.4279
1865   65.4037
1866   65.3965
1867   65.4019
1868   65.4047
1869   65.4065
1870   65.4051
1871   65.4299
1872   65.424
1873   65.4367
1874   65.4067
1875   65.4191
1876   65.4075
1877   65.4101
1878   65.4079
1879   65.4056
1880   65.398
1881   65.4169
1882   65.4125
1883   65.4256
1884   65.404
1885   65.3997
1886   65.4113
1887   65.5296
1888   65.4654
1889   65.4138
1890   65.4633
1891   65.3925
1892   65.2939
1893   65.2345
1894   65.1883
1895   65.0668
1896   64.9933
1897   64.9335
1898   64.8954
1899   64.8677
1900   64.8716
1901   64.8522
1902   64.8578
1903   64.8551
1904   64.9252
1905   64.9239
1906   64.9465
1907   64.894
1908   64.9158
1909   64.8666
1910   64.8495
1911   64.8717
1912   64.8737
1913   64.8457
1914   64.8971
1915   64.9477
1916   64.8781
1917   64.839
1918   64.8342
1919   64.8357
1920   64.8408
1921   64.8461
1922   64.8373
1923   64.8342
1924   64.8413
1925   64.8513
1926   64.8436
1927   64.8419
1928   64.8469
1929   64.8555
1930   64.8491
1931   64.9077
1932   64.8584
1933   64.8505
1934   64.8667
1935   64.8623
1936   64.8841
1937   64.897
1938   64.8405
1939   64.8543
1940   64.8536
1941   64.8922
1942   64.884
1943   64.8781
1944   64.8509
1945   64.8515
1946   64.8357
1947   64.8405
1948   64.8408
1949   64.8906
1950   64.8829
1951   64.85
1952   64.8364
1953   64.8362
1954   64.8359
1955   64.8342
1956   64.8343
1957   64.852
1958   64.8615
1959   64.8463
1960   64.8448
1961   64.8552
1962   64.8342
1963   64.8347
1964   64.8342
1965   64.8342
1966   64.8404
1967   64.8538
1968   64.8402
1969   64.8388
1970   64.8347
1971   64.8431
1972   64.8689
1973   64.8375
1974   64.8358
1975   64.837
1976   64.8479
1977   64.8342
1978   64.8442
1979   64.8456
1980   64.8464
1981   64.8542
1982   64.8823
1983   64.8456
1984   64.8786
1985   64.8342
1986   64.8443
1987   64.838
1988   64.8634
1989   64.8451
1990   64.8739
1991   64.8513
1992   64.8814
1993   64.8864
1994   64.8426
1995   64.8342
1996   64.8342
1997   64.844
1998   64.8678
1999   64.8479
2000   64.8363
2001   64.8342
2002   64.8482
2003   64.8342
2004   64.8637
2005   64.8469
2006   64.8504
2007   64.8554
2008   64.88
2009   64.896
2010   64.8912
2011   64.8964
2012   64.8665
2013   64.8405
2014   64.8417
2015   64.8623
2016   64.9289
2017   64.9088
2018   64.9111
2019   64.923
2020   64.9022
2021   64.8629
2022   64.8426
2023   64.8342
2024   64.8342
2025   64.8379
2026   64.8388
2027   64.8342
2028   64.9136
2029   64.9533
2030   64.8559
2031   64.8503
2032   64.8343
2033   64.8377
2034   64.8362
2035   64.8652
2036   64.8509
2037   64.846
2038   64.8485
2039   64.8642
2040   64.8706
2041   64.8499
2042   64.8483
2043   64.8445
2044   64.8486
2045   64.8518
2046   64.8789
2047   64.8515
2048   64.8661
2049   64.8475
2050   64.8405
2051   64.8459
2052   64.8356
2053   64.8479
2054   64.8706
2055   64.8634
2056   64.8735
2057   64.8797
2058   64.8698
2059   64.8857
2060   64.895
2061   64.8575
2062   64.8572
2063   64.8656
2064   64.8692
2065   64.8929
2066   64.9231
2067   64.938
2068   64.8746
2069   64.9011
2070   64.8611
2071   64.8526
2072   64.8665
2073   64.8342
2074   64.8431
2075   64.8519
2076   64.8682
2077   64.8447
2078   64.9076
2079   64.8536
2080   64.8531
2081   64.8463
2082   64.8373
2083   64.8639
2084   64.8826
2085   64.8795
2086   64.9016
2087   64.8959
2088   64.9007
2089   64.9076
2090   64.8901
2091   64.8711
2092   64.915
2093   64.8754
2094   64.8642
2095   64.8483
2096   64.8386
2097   64.8363
2098   64.8439
2099   64.8713
2100   64.8613
2101   64.8593
2102   64.8496
2103   64.9312
2104   64.9018
2105   64.9191
2106   64.9093
2107   64.8854
2108   64.8677
2109   64.8344
2110   64.8554
2111   64.8571
2112   64.8344
2113   64.847
2114   64.8477
2115   64.8411
2116   64.8349
2117   64.8377
2118   64.8376
2119   64.8776
2120   64.8588
2121   64.849
2122   64.8503
2123   64.8383
2124   64.8458
2125   64.8568
2126   64.8499
2127   64.8749
2128   64.8931
2129   64.8493
2130   64.8653
2131   64.8356
2132   64.8342
2133   64.8342
2134   64.8342
2135   64.8342
2136   64.8342
2137   64.8342
2138   64.8342
2139   64.8342
2140   64.8342
2141   64.8342
2142   64.8342
2143   64.8342
2144   64.8409
2145   64.8562
2146   64.8576
2147   64.8655
2148   64.8666
2149   64.8816
2150   64.8523
2151   64.8438
2152   64.8574
2153   64.9259
2154   64.8751
2155   64.8681
2156   64.8679
2157   64.9018
2158   64.8673
2159   64.8403
2160   64.8586
2161   64.8615
2162   64.8457
2163   64.8398
2164   64.8546
2165   64.8832
2166   64.896
2167   64.9014
2168   64.8855
2169   64.8587
2170   64.8987
2171   64.8675
2172   64.8942
2173   64.9108
2174   64.8591
2175   64.8685
2176   64.8541
2177   64.8608
2178   64.8959
2179   64.8386
2180   64.8464
2181   64.8351
2182   64.8393
2183   64.8475
2184   64.8522
2185   64.8361
2186   64.8484
2187   64.8455
2188   64.8493
2189   64.8342
2190   64.8342
2191   64.8342
2192   64.8361
2193   64.8349
2194   64.8342
2195   64.8574
2196   64.869
2197   64.8854
2198   64.8617
2199   64.8441
2200   64.8342
2201   64.8342
2202   64.8342
2203   64.8342
2204   64.8342
2205   64.8342
2206   64.8342
2207   64.8352
2208   64.8348
2209   64.8385
2210   64.8421
2211   64.8573
2212   64.8552
2213   64.8342
2214   64.8416
2215   64.8531
2216   64.8342
2217   64.8374
2218   64.8552
2219   64.8527
2220   64.9017
2221   64.8717
2222   64.8632
2223   64.8671
2224   64.8426
2225   64.8342
2226   64.8398
2227   64.8455
2228   64.8621
2229   64.8506
2230   64.8359
2231   64.8342
2232   64.8404
2233   64.8525
2234   64.8474
2235   64.8351
2236   64.8454
2237   64.8358
2238   64.8395
2239   64.8346
2240   64.8342
2241   64.8466
2242   64.8486
2243   64.8399
2244   64.8406
2245   64.8474
2246   64.8342
2247   64.8529
2248   64.9047
2249   64.8523
2250   64.8572
2251   64.8483
2252   64.8342
2253   64.8611
2254   64.8959
2255   64.9119
2256   64.9219
2257   64.8798
2258   64.8845
2259   64.8508
2260   64.8374
2261   64.8482
2262   64.8624
2263   64.8538
2264   64.8958
2265   64.905
2266   64.8789
2267   64.8607
2268   64.8717
2269   64.8728
2270   64.8502
2271   64.8531
2272   64.8486
2273   64.8342
2274   64.8342
2275   64.8416
2276   64.8378
2277   64.8342
2278   64.8492
2279   64.8399
2280   64.8365
2281   64.8429
2282   64.8592
2283   64.8701
2284   64.8685
2285   64.8794
2286   64.916
2287   64.8859
2288   64.8684
2289   64.9108
2290   64.8655
2291   64.8604
2292   64.8366
2293   64.8347
2294   64.8346
2295   64.8342
2296   64.8342
2297   64.8348
2298   64.8342
2299   64.8347
2300   64.9126
2301   64.8732
2302   64.8715
2303   64.8788
2304   64.9126
2305   64.8929
2306   64.8558
2307   64.8381
2308   64.8727
2309   64.8795
2310   64.8593
2311   64.8667
2312   64.8389
2313   64.8652
2314   64.8633
2315   64.8733
2316   64.8551
2317   64.8709
2318   64.9206
2319   64.8489
2320   64.8366
2321   64.8605
2322   64.8493
2323   64.8453
2324   64.8344
2325   64.8444
2326   64.8367
2327   64.8543
2328   64.8675
2329   64.888
2330   64.8688
2331   64.8979
2332   64.86
2333   64.8543
2334   64.8641
2335   64.8778
2336   64.8497
2337   64.8761
2338   64.8751
2339   64.8836
2340   64.8786
2341   64.8804
2342   64.8699
2343   64.9118
2344   64.8957
2345   64.884
2346   64.862
2347   64.8558
2348   64.8652
2349   64.8342
2350   64.8342
2351   64.8368
2352   64.8364
2353   64.8342
2354   64.8454
2355   64.8413
2356   64.8466
2357   64.8725
2358   64.8586
2359   64.8806
2360   64.8484
2361   64.8513
2362   64.8342
2363   64.836
2364   64.8356
2365   64.8453
2366   64.8543
2367   64.86
2368   64.8537
2369   64.8351
2370   64.8421
2371   64.849
2372   64.8858
2373   64.8649
2374   64.8358
2375   64.8463
2376   64.8346
2377   64.8535
2378   64.8482
2379   64.893
2380   64.854
2381   64.8342
2382   64.8614
2383   64.8654
2384   64.8508
2385   64.8375
2386   64.8422
2387   64.8582
2388   64.857
2389   64.8504
2390   64.8405
2391   64.8707
2392   64.8716
2393   64.868
2394   64.862
2395   64.8454
2396   64.8516
2397   64.848
2398   64.855
2399   64.8594
2400   64.862
2401   64.8828
2402   64.8658
2403   64.861
2404   64.8868
2405   64.8864
2406   64.9107
2407   64.8625
2408   64.8512
2409   64.8503
2410   64.8501
2411   64.8392
2412   64.8365
2413   64.8578
2414   64.8613
2415   64.877
2416   64.847
2417   64.8413
2418   64.8566
2419   64.8361
2420   64.8519
2421   64.838
2422   64.8342
2423   64.8371
2424   64.8401
2425   64.8342
2426   64.8411
2427   64.8555
2428   64.8367
2429   64.8342
2430   64.8346
2431   64.8395
2432   64.8744
2433   64.8653
2434   64.8895
2435   64.8717
2436   64.8546
2437   64.864
2438   64.8818
2439   64.8812
2440   64.8504
2441   64.8519
2442   64.8464
2443   64.8789
2444   64.8639
2445   64.8667
2446   64.8913
2447   64.8542
2448   64.847
2449   64.8342
2450   64.8549
2451   64.8342
2452   64.8342
2453   64.8342
2454   64.8474
2455   64.8342
2456   64.8972
2457   64.8697
2458   64.8425
2459   64.8484
2460   64.8606
2461   64.8562
2462   64.8522
2463   64.8538
2464   64.8451
2465   64.8397
2466   64.8404
2467   64.8391
2468   64.8645
2469   64.841
2470   64.853
2471   64.8342
2472   64.8347
2473   64.8342
2474   64.8342
2475   64.8342
2476   64.8342
2477   64.8375
2478   64.8342
2479   64.8342
2480   64.8374
2481   64.8612
2482   64.8903
2483   64.8712
2484   64.8925
2485   64.8581
2486   64.841
2487   64.8825
2488   64.854
2489   64.8555
2490   64.8768
2491   64.9021
2492   64.8482
2493   64.8543
2494   64.8429
2495   64.848
2496   64.8342
2497   64.8447
2498   64.8684
2499   64.8587
