0   476
1   459.314
2   441.31
3   424.114
4   408.082
5   393.534
6   379.987
7   365.777
8   354.566
9   344.973
10   337.939
11   331.106
12   324.417
13   318.492
14   312.592
15   307.783
16   302.22
17   295.209
18   286.408
19   276.955
20   269.574
21   262.717
22   258.326
23   254.566
24   251.248
25   247.636
26   244.616
27   241.815
28   238.852
29   236.402
30   233.855
31   231.749
32   229.822
33   228.038
34   226.703
35   225.214
36   224.094
37   222.815
38   220.921
39   219.034
40   216.369
41   213.288
42   209.828
43   206.716
44   203.786
45   200.613
46   198.257
47   196.19
48   194.151
49   192.035
50   190.3
51   188.662
52   187.073
53   185.843
54   184.73
55   183.617
56   182.694
57   181.488
58   180.144
59   178.797
60   177.212
61   175.219
62   173.016
63   170.468
64   168.22
65   166.478
66   164.884
67   163.67
68   162.455
69   161.349
70   160.124
71   158.75
72   157.127
73   155.609
74   154.128
75   152.511
76   151.081
77   149.837
78   148.852
79   147.763
80   146.468
81   145.387
82   144.244
83   143.294
84   142.317
85   141.24
86   140.34
87   139.486
88   138.545
89   137.815
90   136.825
91   135.85
92   134.761
93   133.474
94   132.312
95   131.108
96   130.089
97   129.229
98   128.212
99   127.426
100   126.667
101   125.923
102   125.292
103   124.688
104   124.075
105   123.28
106   122.517
107   121.791
108   120.963
109   120.266
110   119.64
111   118.843
112   118.216
113   117.496
114   116.785
115   116.035
116   115.441
117   114.753
118   114.104
119   113.523
120   113.036
121   112.316
122   111.586
123   111.08
124   110.323
125   109.726
126   109.011
127   108.398
128   107.87
129   107.444
130   106.979
131   106.559
132   106.109
133   105.663
134   105.185
135   104.667
136   104.249
137   103.853
138   103.433
139   103.105
140   102.671
141   102.252
142   101.863
143   101.476
144   101.207
145   100.884
146   100.635
147   100.392
148   100.21
149   100.106
150   99.87
151   99.7219
152   99.593
153   99.3603
154   99.0799
155   98.6467
156   98.2802
157   97.9071
158   97.6562
159   97.3338
160   96.9886
161   96.6599
162   96.293
163   96.1827
164   95.8964
165   95.7739
166   95.3379
167   94.9914
168   94.4441
169   93.7151
170   93.214
171   92.6507
172   92.2984
173   92.0544
174   91.9922
175   91.8608
176   91.7588
177   91.6673
178   91.5965
179   91.9539
180   92.0687
181   92.1711
182   92.222
183   92.3882
184   92.2081
185   92.1114
186   91.8752
187   91.6293
188   91.1965
189   90.8499
190   90.2403
191   89.8559
192   89.5866
193   89.509
194   89.5759
195   89.3894
196   89.4224
197   89.3424
198   89.0972
199   89.0536
200   89.2723
201   89.2673
202   89.2932
203   89.3621
204   89.1549
205   88.9179
206   88.7838
207   88.4566
208   88.3936
209   87.7625
210   87.1052
211   86.4992
212   85.7072
213   85.1925
214   84.8093
215   84.4253
216   84.1921
217   83.9672
218   83.7967
219   83.6217
220   83.4987
221   83.3141
222   83.1763
223   82.9652
224   82.7377
225   82.5067
226   82.2825
227   82.0713
228   81.9254
229   81.8166
230   81.7319
231   81.6255
232   81.5603
233   81.4738
234   81.4235
235   81.3568
236   81.2605
237   81.0963
238   80.9771
239   80.8053
240   80.612
241   80.448
242   80.2772
243   80.0712
244   79.8846
245   79.7128
246   79.551
247   79.4136
248   79.2633
249   79.1763
250   79.1293
251   79.1779
252   79.1179
253   78.9916
254   79.015
255   78.9609
256   78.8702
257   78.8134
258   78.8019
259   78.6608
260   78.5611
261   78.4477
262   78.3849
263   78.3864
264   78.2
265   77.9994
266   78.0606
267   78.0193
268   77.9561
269   77.8126
270   77.5584
271   77.4358
272   77.2451
273   77.1134
274   76.9757
275   76.723
276   76.5611
277   76.2373
278   76.1432
279   75.5011
280   75.0835
281   74.6537
282   74.3415
283   74.1687
284   73.8968
285   73.6468
286   73.4224
287   73.2246
288   73.0392
289   72.9121
290   72.79
291   72.65
292   72.5107
293   72.3935
294   72.2858
295   72.1657
296   72.0593
297   71.9632
298   71.9406
299   71.9988
300   72.0014
301   71.9762
302   72.0489
303   72.1622
304   72.0383
305   71.9179
306   71.865
307   71.8232
308   71.7273
309   71.6912
310   71.6778
311   71.7554
312   72.0088
313   72.1907
314   72.2949
315   72.5238
316   72.6318
317   72.708
318   73.0121
319   72.9336
320   72.4409
321   72.2991
322   71.8071
323   71.4341
324   71.0571
325   70.7818
326   70.6976
327   70.4885
328   70.3784
329   70.2774
330   70.188
331   70.1476
332   70.0182
333   69.9533
334   69.9092
335   69.8996
336   69.8994
337   69.8432
338   69.8243
339   69.8759
340   69.8183
341   69.7918
342   69.7761
343   69.7891
344   69.7727
345   69.7361
346   69.7184
347   69.7182
348   69.7169
349   69.7141
350   69.7167
351   69.7053
352   69.6969
353   69.7199
354   69.7053
355   69.6982
356   69.6913
357   69.6911
358   69.6865
359   69.6852
360   69.6812
361   69.6871
362   69.6916
363   69.6883
364   69.6836
365   69.6767
366   69.6766
367   69.6863
368   69.7267
369   69.7361
370   69.7239
371   69.7069
372   69.6992
373   69.6766
374   69.6766
375   69.6766
376   69.6766
377   69.6766
378   69.6766
379   69.6812
380   69.69
381   69.6934
382   69.7081
383   69.68
384   69.6766
385   69.6766
386   69.7075
387   69.6966
388   69.691
389   69.6902
390   69.7263
391   69.699
392   69.68
393   69.6935
394   69.729
395   69.6908
396   69.6836
397   69.6766
398   69.6804
399   69.6766
400   69.6766
401   69.6978
402   69.7192
403   69.7191
404   69.6799
405   69.6784
406   69.6919
407   69.6985
408   69.7183
409   69.6806
410   69.6765
411   69.7251
412   69.7168
413   69.7141
414   69.6676
415   69.6692
416   69.6609
417   69.6148
418   69.6099
419   69.5999
420   69.5654
421   69.5721
422   69.5341
423   69.522
424   69.5194
425   69.4766
426   69.5003
427   69.46
428   69.4613
429   69.4637
430   69.4651
431   69.4666
432   69.4571
433   69.46
434   69.4589
435   69.4622
436   69.4786
437   69.4904
438   69.4581
439   69.4588
440   69.5262
441   69.5622
442   69.5442
443   69.5077
444   69.5176
445   69.5497
446   69.483
447   69.4637
448   69.5037
449   69.5517
450   69.5225
451   69.4978
452   69.499
453   69.4874
454   69.4746
455   69.5105
456   69.5188
457   69.4842
458   69.4638
459   69.4609
460   69.4601
461   69.4564
462   69.4686
463   69.4802
464   69.4913
465   69.4676
466   69.4767
467   69.4557
468   69.4775
469   69.4664
470   69.4591
471   69.4146
472   69.3904
473   69.3816
474   69.3277
475   69.2632
476   69.2058
477   69.1863
478   69.1449
479   69.0902
480   69.0446
481   69.0271
482   69.0207
483   69.0341
484   69.0176
485   69.0162
486   69.0164
487   69.0264
488   69.0219
489   69.0273
490   69.0264
491   69.0162
492   69.0162
493   69.0329
494   69.1138
495   69.1169
496   69.0791
497   69.0485
498   69.0471
499   69.0503
500   69.0336
501   69.0605
502   69.0822
503   69.1158
504   69.0456
505   69.0299
506   69.0222
507   69.0405
508   69.0257
509   69.0163
510   69.0162
511   69.0166
512   69.0317
513   69.0229
514   69.0162
515   69.0162
516   69.0214
517   69.0224
518   69.0187
519   69.0456
520   69.0475
521   69.084
522   69.1048
523   69.0681
524   69.0282
525   69.0237
526   69.0433
527   69.0507
528   69.0705
529   69.0526
530   69.0588
531   69.0615
532   69.1036
533   69.0418
534   69.0185
535   69.0422
536   69.0162
537   69.0236
538   69.0344
539   69.036
540   69.0396
541   69.075
542   69.0819
543   69.0633
544   69.0542
545   69.0223
546   69.0368
547   69.0493
548   69.0324
549   69.0278
550   69.0476
551   69.0373
552   69.0992
553   69.0905
554   69.0945
555   69.118
556   69.0373
557   69.0162
558   69.0182
559   69.0284
560   69.0473
561   69.0584
562   69.0481
563   69.0628
564   69.0458
565   69.0162
566   69.0162
567   69.0162
568   69.0169
569   69.0173
570   69.0208
571   69.0327
572   69.0169
573   69.0592
574   69.0563
575   69.0605
576   69.0255
577   69.0326
578   69.0262
579   69.0319
580   69.0346
581   69.0381
582   69.0248
583   69.03
584   69.0273
585   69.0214
586   69.0195
587   69.0176
588   69.0392
589   69.076
590   69.0534
591   69.0283
592   69.0162
593   69.0173
594   69.0286
595   69.0176
596   69.0287
597   69.026
598   69.0255
599   69.0355
600   69.0349
601   69.0716
602   69.0447
603   69.0351
604   69.025
605   69.053
606   69.0519
607   69.0477
608   69.0588
609   69.0665
610   69.058
611   69.039
612   69.0858
613   69.0772
614   69.0455
615   69.0889
616   69.0541
617   69.0317
618   69.0287
619   69.0277
620   69.0308
621   69.0399
622   69.0403
623   69.0359
624   69.0545
625   69.0454
626   69.0352
627   69.0388
628   69.0354
629   69.0496
630   69.0889
631   69.103
632   69.0619
633   69.0641
634   69.0409
635   69.0378
636   69.0262
637   69.0451
638   69.046
639   69.0661
640   69.046
641   69.0425
642   69.0187
643   69.0192
644   69.0338
645   69.0328
646   69.0226
647   69.0194
648   69.057
649   69.0447
650   69.0284
651   69.0448
652   69.0601
653   69.0462
654   69.028
655   69.018
656   69.0162
657   69.0175
658   69.0273
659   69.0267
660   69.0213
661   69.0272
662   69.0571
663   69.0321
664   69.031
665   69.0773
666   69.0618
667   69.0321
668   69.0516
669   69.0636
670   69.0502
671   69.0426
672   69.0717
673   69.0464
674   69.0743
675   69.0616
676   69.1009
677   69.0797
678   69.0388
679   69.0519
680   69.0236
681   69.0225
682   69.0221
683   69.0432
684   69.0823
685   69.022
686   69.0314
687   69.0616
688   69.025
689   69.0358
690   69.0828
691   69.0408
692   69.0615
693   69.0171
694   69.028
695   69.0484
696   69.0533
697   69.0519
698   69.0541
699   69.0398
700   69.0395
701   69.0166
702   69.0215
703   69.0482
704   69.0753
705   69.06
706   69.0385
707   69.0283
708   69.0348
709   69.026
710   69.0206
711   69.0299
712   69.0286
713   69.0162
714   69.0173
715   69.0296
716   69.0195
717   69.0275
718   69.0329
719   69.0326
720   69.0206
721   69.0293
722   69.0313
723   69.0307
724   69.0683
725   69.0883
726   69.0331
727   69.0306
728   69.0473
729   69.0367
730   69.0431
731   69.0519
732   69.0254
733   69.0178
734   69.0275
735   69.0368
736   69.0382
737   69.0295
738   69.0358
739   69.0834
740   69.0514
741   69.0255
742   69.045
743   69.0493
744   69.0328
745   69.0162
746   69.0199
747   69.0487
748   69.0536
749   69.1396
750   69.0958
751   69.0683
752   69.0577
753   69.0283
754   69.03
755   69.0429
756   69.0264
757   69.0218
758   69.0217
759   69.0177
760   69.0162
761   69.0162
762   69.02
763   69.0423
764   69.031
765   69.0385
766   69.0705
767   69.0877
768   69.1425
769   69.1403
770   69.1236
771   69.0878
772   69.0727
773   69.0323
774   69.0226
775   69.0341
776   69.033
777   69.0182
778   69.0171
779   69.0373
780   69.0471
781   69.028
782   69.0177
783   69.0461
784   69.0636
785   69.0397
786   69.0488
787   69.0754
788   69.0781
789   69.0885
790   69.062
791   69.0317
792   69.0593
793   69.0403
794   69.0342
795   69.0361
796   69.0604
797   69.0541
798   69.0704
799   69.0284
800   69.0189
801   69.0513
802   69.0472
803   69.0202
804   69.0459
805   69.0567
806   69.0388
807   69.0368
808   69.0511
809   69.0191
810   69.0407
811   69.0621
812   69.0412
813   69.0188
814   69.0422
815   69.0316
816   69.0221
817   69.0362
818   69.0409
819   69.0862
820   69.0987
821   69.0341
822   69.03
823   69.0408
824   69.0736
825   69.0422
826   69.0487
827   69.0334
828   69.0411
829   69.0162
830   69.0219
831   69.052
832   69.0532
833   69.0308
834   69.0264
835   69.0232
836   69.0247
837   69.0842
838   69.0506
839   69.0699
840   69.0429
841   69.0724
842   69.07
843   69.0332
844   69.0281
845   69.0407
846   69.0386
847   69.052
848   69.0446
849   69.0305
850   69.0363
851   69.0182
852   69.0165
853   69.024
854   69.0191
855   69.0413
856   69.0428
857   69.0189
858   69.017
859   69.0162
860   69.0162
861   69.0162
862   69.0162
863   69.0162
864   69.0272
865   69.0273
866   69.0613
867   69.0253
868   69.0395
869   69.0459
870   69.0451
871   69.0324
872   69.0519
873   69.0712
874   69.0999
875   69.063
876   69.0596
877   69.1038
878   69.0646
879   69.0421
880   69.0164
881   69.019
882   69.0166
883   69.0207
884   69.0172
885   69.0162
886   69.0162
887   69.0378
888   69.0316
889   69.0162
890   69.0263
891   69.0344
892   69.0254
893   69.0484
894   69.0531
895   69.0197
896   69.0506
897   69.0384
898   69.0291
899   69.0196
900   69.0165
901   69.0225
902   69.0296
903   69.0542
904   69.038
905   69.0611
906   69.058
907   69.0303
908   69.0419
909   69.0426
910   69.0325
911   69.0186
912   69.023
913   69.0433
914   69.0476
915   69.0241
916   69.0184
917   69.0287
918   69.0162
919   69.0162
920   69.0207
921   69.0162
922   69.0333
923   69.0243
924   69.0227
925   69.0178
926   69.0256
927   69.018
928   69.0391
929   69.0766
930   69.0825
931   69.0558
932   69.0253
933   69.0217
934   69.0162
935   69.0239
936   69.0165
937   69.0636
938   69.032
939   69.0248
940   69.0595
941   69.0627
942   69.0551
943   69.0863
944   69.1214
945   69.135
946   69.054
947   69.0372
948   69.0336
949   69.0469
950   69.042
951   69.0404
952   69.0178
953   69.0248
954   69.0223
955   69.0266
956   69.0223
957   69.0163
958   69.0413
959   69.0572
960   69.0979
961   69.0263
962   69.0171
963   69.0253
964   69.0162
965   69.035
966   69.0321
967   69.0289
968   69.0298
969   69.0438
970   69.0163
971   69.0285
972   69.0521
973   69.0557
974   69.0765
975   69.0544
976   69.0163
977   69.02
978   69.0168
979   69.019
980   69.0162
981   69.0247
982   69.0362
983   69.0271
984   69.0512
985   69.0866
986   69.1332
987   69.0992
988   69.0865
989   69.0916
990   69.0949
991   69.0707
992   69.0531
993   69.0196
994   69.033
995   69.0234
996   69.046
997   69.0385
998   69.0511
999   69.0254
1000   69.0295
1001   69.0369
1002   69.0867
1003   69.066
1004   69.0579
1005   69.0585
1006   69.0327
1007   69.0162
1008   69.0446
1009   69.0322
1010   69.0514
1011   69.0162
1012   69.037
1013   69.0418
1014   69.0286
1015   69.0477
1016   69.0436
1017   69.0335
1018   69.0238
1019   69.0162
1020   69.0165
1021   69.0162
1022   69.0192
1023   69.0347
1024   69.0413
1025   69.0785
1026   69.0399
1027   69.0603
1028   69.065
1029   69.0629
1030   69.0497
1031   69.048
1032   69.0674
1033   69.0362
1034   69.0275
1035   69.0291
1036   69.033
1037   69.0244
1038   69.0191
1039   69.0197
1040   69.0162
1041   69.0162
1042   69.0233
1043   69.0275
1044   69.0484
1045   69.0619
1046   69.0335
1047   69.0165
1048   69.0197
1049   69.0289
1050   69.0516
1051   69.0571
1052   69.0594
1053   69.0397
1054   69.0162
1055   69.0464
1056   69.0357
1057   69.0162
1058   69.0784
1059   69.1014
1060   69.103
1061   69.1116
1062   69.0818
1063   69.048
1064   69.0381
1065   69.0255
1066   69.0281
1067   69.0473
1068   69.0651
1069   69.0319
1070   69.0745
1071   69.063
1072   69.0971
1073   69.0616
1074   69.0545
1075   69.0851
1076   69.077
1077   69.039
1078   69.0479
1079   69.0296
1080   69.0162
1081   69.0162
1082   69.0464
1083   69.0312
1084   69.0426
1085   69.0499
1086   69.0686
1087   69.046
1088   69.0875
1089   69.1103
1090   69.1043
1091   69.0722
1092   69.0436
1093   69.0528
1094   69.0619
1095   69.0659
1096   69.0403
1097   69.0375
1098   69.0502
1099   69.0417
1100   69.0178
1101   69.0245
1102   69.0308
1103   69.0174
1104   69.0508
1105   69.0278
1106   69.0329
1107   69.0571
1108   69.0438
1109   69.024
1110   69.0336
1111   69.0384
1112   69.0221
1113   69.0474
1114   69.0344
1115   69.0503
1116   69.0424
1117   69.0426
1118   69.0535
1119   69.1212
1120   69.0653
1121   69.0661
1122   69.0835
1123   69.0998
1124   69.08
1125   69.0706
1126   69.0227
1127   69.0307
1128   69.0162
1129   69.0241
1130   69.0162
1131   69.028
1132   69.0357
1133   69.0251
1134   69.0298
1135   69.0186
1136   69.0192
1137   69.0236
1138   69.0162
1139   69.0171
1140   69.0505
1141   69.0575
1142   69.0497
1143   69.0405
1144   69.0348
1145   69.038
1146   69.0162
1147   69.026
1148   69.0338
1149   69.026
1150   69.0213
1151   69.0294
1152   69.0219
1153   69.0461
1154   69.0371
1155   69.0571
1156   69.0385
1157   69.0323
1158   69.0162
1159   69.0273
1160   69.0591
1161   69.0567
1162   69.067
1163   69.0451
1164   69.0204
1165   69.035
1166   69.0187
1167   69.0205
1168   69.0515
1169   69.0312
1170   69.0694
1171   69.102
1172   69.05
1173   69.0334
1174   69.0172
1175   69.0162
1176   69.0163
1177   69.0331
1178   69.0204
1179   69.0362
1180   69.0719
1181   69.0713
1182   69.0575
1183   69.0668
1184   69.1049
1185   69.122
1186   69.0259
1187   69.0321
1188   69.0251
1189   69.0219
1190   69.0162
1191   69.0249
1192   69.0188
1193   69.018
1194   69.0282
1195   69.0162
1196   69.0383
1197   69.0248
1198   69.0541
1199   69.0685
1200   69.0384
1201   69.0389
1202   69.0586
1203   69.0329
1204   69.0345
1205   69.0309
1206   69.045
1207   69.0711
1208   69.039
1209   69.0298
1210   69.047
1211   69.0343
1212   69.0709
1213   69.0717
1214   69.0672
1215   69.0361
1216   69.0824
1217   69.04
1218   69.0211
1219   69.0162
1220   69.0236
1221   69.0208
1222   69.0162
1223   69.0162
1224   69.0239
1225   69.0352
1226   69.0168
1227   69.0267
1228   69.0478
1229   69.0598
1230   69.0231
1231   69.0291
1232   69.0249
1233   69.0162
1234   69.0237
1235   69.025
1236   69.0475
1237   69.0562
1238   69.0343
1239   69.0597
1240   69.0374
1241   69.037
1242   69.0602
1243   69.0182
1244   69.03
1245   69.047
1246   69.0327
1247   69.0467
1248   69.0452
1249   69.0698
1250   69.0321
1251   69.0689
1252   69.0411
1253   69.0351
1254   69.0663
1255   69.0231
1256   69.0298
1257   69.0226
1258   69.0556
1259   69.0604
1260   69.0505
1261   69.0839
1262   69.0349
1263   69.0408
1264   69.0584
1265   69.0329
1266   69.0555
1267   69.0395
1268   69.0356
1269   69.0302
1270   69.0223
1271   69.0279
1272   69.0162
1273   69.0162
1274   69.0162
1275   69.0162
1276   69.0186
1277   69.0581
1278   69.0191
1279   69.0162
1280   69.024
1281   69.0162
1282   69.0164
1283   69.0197
1284   69.0236
1285   69.0232
1286   69.0334
1287   69.0619
1288   69.04
1289   69.0518
1290   69.0752
1291   69.0528
1292   69.029
1293   69.0162
1294   69.0162
1295   69.0162
1296   69.0183
1297   69.0162
1298   69.036
1299   69.0745
1300   69.0244
1301   69.0195
1302   69.0278
1303   69.0358
1304   69.0466
1305   69.0333
1306   69.0384
1307   69.0273
1308   69.0166
1309   69.0223
1310   69.019
1311   69.0809
1312   69.1005
1313   69.0414
1314   69.0354
1315   69.0285
1316   69.0167
1317   69.0209
1318   69.0334
1319   69.0482
1320   69.0218
1321   69.0448
1322   69.0206
1323   69.018
1324   69.023
1325   69.0479
1326   69.0242
1327   69.0256
1328   69.0309
1329   69.0232
1330   69.0438
1331   69.0334
1332   69.0168
1333   69.0246
1334   69.0564
1335   69.0708
1336   69.0376
1337   69.0291
1338   69.0508
1339   69.0228
1340   69.0162
1341   69.0162
1342   69.0231
1343   69.0357
1344   69.0656
1345   69.0336
1346   69.0207
1347   69.0185
1348   69.0403
1349   69.0292
1350   69.0186
1351   69.0201
1352   69.038
1353   69.0604
1354   69.0442
1355   69.0425
1356   69.094
1357   69.1603
1358   69.0968
1359   69.0822
1360   69.0545
1361   69.0635
1362   69.033
1363   69.0197
1364   69.0397
1365   69.0407
1366   69.0201
1367   69.0462
1368   69.053
1369   69.0757
1370   69.0625
1371   69.0781
1372   69.0516
1373   69.057
1374   69.0444
1375   69.08
1376   69.0551
1377   69.0455
1378   69.0311
1379   69.0242
1380   69.0349
1381   69.0594
1382   69.0417
1383   69.0249
1384   69.0256
1385   69.0255
1386   69.0415
1387   69.0466
1388   69.0259
1389   69.029
1390   69.0224
1391   69.0162
1392   69.0426
1393   69.0244
1394   69.0168
1395   69.0268
1396   69.0164
1397   69.0247
1398   69.0392
1399   69.075
1400   69.083
1401   69.0709
1402   69.0691
1403   69.078
1404   69.0856
1405   69.0534
1406   69.0349
1407   69.0736
1408   69.0569
1409   69.0162
1410   69.0436
1411   69.037
1412   69.0339
1413   69.0512
1414   69.0688
1415   69.0671
1416   69.0823
1417   69.0583
1418   69.0413
1419   69.0619
1420   69.0548
1421   69.0254
1422   69.0162
1423   69.0234
1424   69.0724
1425   69.0588
1426   69.0218
1427   69.0162
1428   69.031
1429   69.0337
1430   69.0403
1431   69.0318
1432   69.0169
1433   69.044
1434   69.0271
1435   69.0576
1436   69.0607
1437   69.0259
1438   69.0418
1439   69.0351
1440   69.0643
1441   69.0328
1442   69.0201
1443   69.0377
1444   69.0425
1445   69.0234
1446   69.0164
1447   69.0162
1448   69.0172
1449   69.0242
1450   69.0239
1451   69.0526
1452   69.0434
1453   69.0341
1454   69.0254
1455   69.0211
1456   69.0178
1457   69.0209
1458   69.0209
1459   69.0162
1460   69.0204
1461   69.0392
1462   69.0641
1463   69.0542
1464   69.0345
1465   69.0455
1466   69.0421
1467   69.0625
1468   69.0322
1469   69.0312
1470   69.0379
1471   69.034
1472   69.1044
1473   69.0442
1474   69.0162
1475   69.0162
1476   69.0162
1477   69.0344
1478   69.0697
1479   69.0935
1480   69.0619
1481   69.1041
1482   69.0916
1483   69.0334
1484   69.034
1485   69.0539
1486   69.051
1487   69.0665
1488   69.0553
1489   69.0601
1490   69.0344
1491   69.0398
1492   69.0434
1493   69.0515
1494   69.0569
1495   69.039
1496   69.0263
1497   69.0484
1498   69.0344
1499   69.0205
1500   69.0278
1501   69.0519
1502   69.0568
1503   69.0294
1504   69.0162
1505   69.0204
1506   69.0479
1507   69.0442
1508   69.0767
1509   69.061
1510   69.04
1511   69.0266
1512   69.0318
1513   69.0318
1514   69.0185
1515   69.0444
1516   69.0502
1517   69.0777
1518   69.0817
1519   69.0594
1520   69.0769
1521   69.0418
1522   69.0315
1523   69.0348
1524   69.0211
1525   69.0276
1526   69.0372
1527   69.0334
1528   69.0758
1529   69.06
1530   69.0692
1531   69.0567
1532   69.0423
1533   69.0453
1534   69.0328
1535   69.019
1536   69.0199
1537   69.0319
1538   69.0583
1539   69.0269
1540   69.0278
1541   69.0273
1542   69.0226
1543   69.0251
1544   69.0542
1545   69.0617
1546   69.0381
1547   69.0588
1548   69.0548
1549   69.0201
1550   69.0343
1551   69.0299
1552   69.054
1553   69.0384
1554   69.048
1555   69.0431
1556   69.0635
1557   69.018
1558   69.0186
1559   69.0376
1560   69.0181
1561   69.0522
1562   69.0566
1563   69.0221
1564   69.0272
1565   69.0162
1566   69.0187
1567   69.0321
1568   69.0361
1569   69.0212
1570   69.0351
1571   69.0454
1572   69.0175
1573   69.0289
1574   69.0314
1575   69.0295
1576   69.0175
1577   69.0272
1578   69.0485
1579   69.0498
1580   69.0501
1581   69.0385
1582   69.023
1583   69.018
1584   69.0243
1585   69.0491
1586   69.0303
1587   69.0352
1588   69.0742
1589   69.0556
1590   69.1027
1591   69.0952
1592   69.1795
1593   69.1951
1594   69.202
1595   69.186
1596   68.9412
1597   68.9063
1598   68.8743
1599   68.7924
1600   68.8004
1601   68.7848
1602   68.7659
1603   68.7667
1604   68.7617
1605   68.8078
1606   68.7903
1607   68.7756
1608   68.7808
1609   68.7848
1610   68.7762
1611   68.7886
1612   68.8127
1613   68.7741
1614   68.7717
1615   68.8416
1616   68.8369
1617   68.8583
1618   68.9324
1619   68.9301
1620   69.0769
1621   69.2873
1622   69.3943
1623   69.6162
1624   69.7789
1625   70.1031
1626   70.2797
1627   70.7331
1628   70.7734
1629   70.8548
1630   71.0527
1631   70.6059
1632   70.4002
1633   69.92
1634   69.5706
1635   69.3003
1636   69.0408
1637   68.9263
1638   68.88
1639   68.7917
1640   68.8123
1641   68.7779
1642   68.7649
1643   68.7432
1644   68.7531
1645   68.7438
1646   68.7423
1647   68.7516
1648   68.79
1649   68.7847
1650   68.7845
1651   68.7579
1652   68.7425
1653   68.7527
1654   68.7476
1655   68.7525
1656   68.7605
1657   68.7499
1658   68.7444
1659   68.7423
1660   68.7576
1661   68.7622
1662   68.7749
1663   68.8112
1664   68.798
1665   68.7653
1666   68.7595
1667   68.745
1668   68.7723
1669   68.7627
1670   68.7572
1671   68.7689
1672   68.8085
1673   68.7478
1674   68.7607
1675   68.7682
1676   68.8033
1677   68.7815
1678   68.8109
1679   68.7793
1680   68.7967
1681   68.7839
1682   68.7777
1683   68.7606
1684   68.8006
1685   68.8131
1686   68.7775
1687   68.748
1688   68.7748
1689   68.7743
1690   68.7528
1691   68.7938
1692   68.8292
1693   68.7952
1694   68.766
1695   68.7591
1696   68.7633
1697   68.7695
1698   68.7596
1699   68.7581
1700   68.7723
1701   68.7476
1702   68.7423
1703   68.7423
1704   68.7593
1705   68.767
1706   68.7717
1707   68.7689
1708   68.7688
1709   68.7955
1710   68.7753
1711   68.8111
1712   68.7423
1713   68.7491
1714   68.7658
1715   68.7607
1716   68.7482
1717   68.7485
1718   68.7449
1719   68.7523
1720   68.7448
1721   68.7478
1722   68.7423
1723   68.7711
1724   68.771
1725   68.7754
1726   68.7788
1727   68.8233
1728   68.7739
1729   68.7442
1730   68.7611
1731   68.7844
1732   68.7704
1733   68.7884
1734   68.7476
1735   68.7436
1736   68.7526
1737   68.7663
1738   68.7714
1739   68.7822
1740   68.7762
1741   68.7557
1742   68.7597
1743   68.7698
1744   68.762
1745   68.7449
1746   68.7532
1747   68.7775
1748   68.7817
1749   68.7499
1750   68.7531
1751   68.7588
1752   68.7697
1753   68.7649
1754   68.7743
1755   68.7918
1756   68.7475
1757   68.7645
1758   68.7681
1759   68.7423
1760   68.7543
1761   68.7533
1762   68.7538
1763   68.7577
1764   68.7742
1765   68.7862
1766   68.7711
1767   68.7588
1768   68.7535
1769   68.7628
1770   68.7423
1771   68.7423
1772   68.746
1773   68.7445
1774   68.7595
1775   68.7866
1776   68.7799
1777   68.7568
1778   68.7541
1779   68.7629
1780   68.7535
1781   68.7626
1782   68.7668
1783   68.7617
1784   68.7488
1785   68.7574
1786   68.7705
1787   68.7659
1788   68.788
1789   68.7737
1790   68.7529
1791   68.7423
1792   68.7423
1793   68.7423
1794   68.7516
1795   68.7461
1796   68.8032
1797   68.7626
1798   68.819
1799   68.8051
1800   68.8279
1801   68.7788
1802   68.7584
1803   68.7596
1804   68.7442
1805   68.7435
1806   68.7527
1807   68.7488
1808   68.7423
1809   68.7505
1810   68.7473
1811   68.7544
1812   68.7746
1813   68.7714
1814   68.7541
1815   68.7602
1816   68.7433
1817   68.7502
1818   68.7495
1819   68.749
1820   68.7467
1821   68.7423
1822   68.7585
1823   68.7429
1824   68.7423
1825   68.7455
1826   68.7603
1827   68.7528
1828   68.7508
1829   68.7517
1830   68.7481
1831   68.7526
1832   68.7673
1833   68.7424
1834   68.758
1835   68.7566
1836   68.7849
1837   68.7547
1838   68.7571
1839   68.7437
1840   68.7426
1841   68.7423
1842   68.7648
1843   68.7895
1844   68.8135
1845   68.7806
1846   68.7767
1847   68.7485
1848   68.7495
1849   68.8063
1850   68.7833
1851   68.7694
1852   68.7492
1853   68.7602
1854   68.7776
1855   68.7958
1856   68.7987
1857   68.7462
1858   68.7712
1859   68.7464
1860   68.7783
1861   68.7585
1862   68.7716
1863   68.7594
1864   68.7447
1865   68.7763
1866   68.7453
1867   68.7584
1868   68.7518
1869   68.7428
1870   68.7423
1871   68.7503
1872   68.7423
1873   68.7423
1874   68.7423
1875   68.766
1876   68.7645
1877   68.7503
1878   68.7502
1879   68.7769
1880   68.792
1881   68.8037
1882   68.7787
1883   68.7439
1884   68.765
1885   68.7639
1886   68.7423
1887   68.7423
1888   68.7423
1889   68.7423
1890   68.7491
1891   68.7423
1892   68.7423
1893   68.7426
1894   68.7571
1895   68.7672
1896   68.7866
1897   68.7556
1898   68.7538
1899   68.7775
1900   68.7586
1901   68.7511
1902   68.7471
1903   68.7687
1904   68.8279
1905   68.8022
1906   68.7914
1907   68.784
1908   68.7849
1909   68.7692
1910   68.7514
1911   68.76
1912   68.7506
1913   68.7564
1914   68.7423
1915   68.7423
1916   68.7485
1917   68.8038
1918   68.79
1919   68.8216
1920   68.7795
1921   68.7898
1922   68.7457
1923   68.7423
1924   68.7734
1925   68.7423
1926   68.7504
1927   68.7694
1928   68.7427
1929   68.7916
1930   68.7695
1931   68.7559
1932   68.7964
1933   68.7894
1934   68.8122
1935   68.7713
1936   68.7731
1937   68.8145
1938   68.8063
1939   68.7445
1940   68.7431
1941   68.7562
1942   68.7645
1943   68.7672
1944   68.7644
1945   68.7516
1946   68.7431
1947   68.7662
1948   68.7543
1949   68.7731
1950   68.7687
1951   68.8117
1952   68.8034
1953   68.7572
1954   68.7613
1955   68.7861
1956   68.7861
1957   68.781
1958   68.7522
1959   68.7862
1960   68.7657
1961   68.7423
1962   68.7423
1963   68.7499
1964   68.7538
1965   68.7442
1966   68.7586
1967   68.7661
1968   68.776
1969   68.7547
1970   68.7586
1971   68.7676
1972   68.7672
1973   68.7584
1974   68.7423
1975   68.7864
1976   68.7903
1977   68.7836
1978   68.7891
1979   68.7858
1980   68.7588
1981   68.7571
1982   68.7493
1983   68.751
1984   68.7742
1985   68.7456
1986   68.7632
1987   68.7585
1988   68.7466
1989   68.7474
1990   68.7479
1991   68.7554
1992   68.8065
1993   68.7891
1994   68.7424
1995   68.7423
1996   68.7423
1997   68.7444
1998   68.7515
1999   68.7755
2000   68.7812
2001   68.7871
2002   68.7657
2003   68.7635
2004   68.7638
2005   68.7987
2006   68.7862
2007   68.7887
2008   68.7779
2009   68.7633
2010   68.8105
2011   68.7726
2012   68.7691
2013   68.7712
2014   68.7423
2015   68.7506
2016   68.7427
2017   68.7582
2018   68.786
2019   68.7833
2020   68.8028
2021   68.7671
2022   68.8193
2023   68.7558
2024   68.747
2025   68.7492
2026   68.7666
2027   68.7849
2028   68.8074
2029   68.7684
2030   68.7744
2031   68.8013
2032   68.7786
2033   68.7747
2034   68.7746
2035   68.7863
2036   68.7543
2037   68.748
2038   68.7423
2039   68.7423
2040   68.7423
2041   68.7598
2042   68.7741
2043   68.7715
2044   68.7555
2045   68.7561
2046   68.7488
2047   68.7493
2048   68.7518
2049   68.7482
2050   68.7479
2051   68.7519
2052   68.7785
2053   68.7458
2054   68.7423
2055   68.7577
2056   68.7659
2057   68.7879
2058   68.7968
2059   68.7642
2060   68.7833
2061   68.7857
2062   68.7672
2063   68.7774
2064   68.7632
2065   68.7502
2066   68.7474
2067   68.7707
2068   68.7941
2069   68.7693
2070   68.7513
2071   68.7607
2072   68.7441
2073   68.765
2074   68.7639
2075   68.7568
2076   68.7444
2077   68.7477
2078   68.7423
2079   68.7552
2080   68.7689
2081   68.7453
2082   68.7587
2083   68.7559
2084   68.751
2085   68.7424
2086   68.7423
2087   68.7516
2088   68.7688
2089   68.8042
2090   68.8024
2091   68.7963
2092   68.7797
2093   68.7952
2094   68.7845
2095   68.7604
2096   68.7423
2097   68.7423
2098   68.7423
2099   68.7423
2100   68.7442
2101   68.748
2102   68.7793
2103   68.7521
2104   68.7622
2105   68.7528
2106   68.7696
2107   68.7568
2108   68.7423
2109   68.7566
2110   68.7447
2111   68.7426
2112   68.7448
2113   68.7423
2114   68.7423
2115   68.7429
2116   68.7743
2117   68.7771
2118   68.8034
2119   68.7717
2120   68.7468
2121   68.7616
2122   68.7423
2123   68.7665
2124   68.7502
2125   68.7489
2126   68.7446
2127   68.7794
2128   68.7682
2129   68.7902
2130   68.7708
2131   68.7704
2132   68.7552
2133   68.7604
2134   68.7579
2135   68.7423
2136   68.7524
2137   68.7615
2138   68.7579
2139   68.744
2140   68.7807
2141   68.7649
2142   68.7873
2143   68.8038
2144   68.8107
2145   68.7509
2146   68.7549
2147   68.7462
2148   68.7471
2149   68.7423
2150   68.7423
2151   68.746
2152   68.7547
2153   68.7692
2154   68.7627
2155   68.7774
2156   68.7825
2157   68.7994
2158   68.7526
2159   68.7744
2160   68.7432
2161   68.7423
2162   68.7423
2163   68.7423
2164   68.7526
2165   68.766
2166   68.7474
2167   68.7423
2168   68.7524
2169   68.7515
2170   68.783
2171   68.7583
2172   68.78
2173   68.7432
2174   68.7715
2175   68.7573
2176   68.7583
2177   68.7562
2178   68.7635
2179   68.7423
2180   68.7432
2181   68.7513
2182   68.7651
2183   68.8058
2184   68.7736
2185   68.752
2186   68.7567
2187   68.7753
2188   68.7561
2189   68.7609
2190   68.7754
2191   68.7846
2192   68.7829
2193   68.7971
2194   68.8048
2195   68.8162
2196   68.8411
2197   68.8124
2198   68.7747
2199   68.7827
2200   68.7913
2201   68.8006
2202   68.8
2203   68.7596
2204   68.7554
2205   68.7473
2206   68.7439
2207   68.7536
2208   68.7678
2209   68.8042
2210   68.8106
2211   68.773
2212   68.781
2213   68.7464
2214   68.7467
2215   68.7632
2216   68.756
2217   68.7813
2218   68.79
2219   68.7594
2220   68.775
2221   68.7484
2222   68.7697
2223   68.7657
2224   68.7756
2225   68.7833
2226   68.7741
2227   68.7447
2228   68.7469
2229   68.7434
2230   68.7855
2231   68.7876
2232   68.8002
2233   68.7822
2234   68.7586
2235   68.7524
2236   68.7776
2237   68.7613
2238   68.7695
2239   68.7906
2240   68.8289
2241   68.8317
2242   68.7808
2243   68.7678
2244   68.7576
2245   68.7645
2246   68.7731
2247   68.828
2248   68.7628
2249   68.7603
2250   68.7488
2251   68.7465
2252   68.7614
2253   68.772
2254   68.7474
2255   68.7423
2256   68.7427
2257   68.7423
2258   68.7423
2259   68.7423
2260   68.7423
2261   68.7423
2262   68.7423
2263   68.7423
2264   68.7423
2265   68.7423
2266   68.7993
2267   68.7658
2268   68.7461
2269   68.7449
2270   68.7714
2271   68.7657
2272   68.8161
2273   68.7568
2274   68.755
2275   68.7437
2276   68.7431
2277   68.768
2278   68.7626
2279   68.744
2280   68.7435
2281   68.7639
2282   68.7466
2283   68.7772
2284   68.7766
2285   68.7462
2286   68.7467
2287   68.7754
2288   68.7595
2289   68.8113
2290   68.7722
2291   68.7948
2292   68.7612
2293   68.753
2294   68.7716
2295   68.7848
2296   68.7974
2297   68.7629
2298   68.8155
2299   68.7872
2300   68.7484
2301   68.7811
2302   68.7968
2303   68.7974
2304   68.7733
2305   68.7458
2306   68.7669
2307   68.7703
2308   68.7541
2309   68.7685
2310   68.7499
2311   68.7447
2312   68.7423
2313   68.7423
2314   68.7462
2315   68.7994
2316   68.7863
2317   68.7621
2318   68.7621
2319   68.7609
2320   68.7607
2321   68.7622
2322   68.7423
2323   68.7428
2324   68.7423
2325   68.7578
2326   68.7525
2327   68.7528
2328   68.7782
2329   68.7706
2330   68.7874
2331   68.7498
2332   68.7567
2333   68.7459
2334   68.7509
2335   68.7543
2336   68.758
2337   68.7495
2338   68.752
2339   68.7454
2340   68.745
2341   68.7606
2342   68.7559
2343   68.755
2344   68.7878
2345   68.786
2346   68.7718
2347   68.756
2348   68.7615
2349   68.7659
2350   68.7826
2351   68.7938
2352   68.7455
2353   68.7536
2354   68.7423
2355   68.7423
2356   68.7571
2357   68.7423
2358   68.7425
2359   68.7869
2360   68.7634
2361   68.7506
2362   68.7612
2363   68.7581
2364   68.7774
2365   68.7454
2366   68.7431
2367   68.7529
2368   68.7735
2369   68.7863
2370   68.7775
2371   68.8395
2372   68.7933
2373   68.7686
2374   68.7432
2375   68.7427
2376   68.7496
2377   68.7544
2378   68.7534
2379   68.7438
2380   68.7423
2381   68.7423
2382   68.7435
2383   68.7513
2384   68.7637
2385   68.7849
2386   68.7649
2387   68.7775
2388   68.7605
2389   68.7516
2390   68.7554
2391   68.7762
2392   68.7423
2393   68.7503
2394   68.7522
2395   68.7449
2396   68.7423
2397   68.7444
2398   68.7423
2399   68.7487
2400   68.7475
2401   68.7563
2402   68.7524
2403   68.7606
2404   68.7958
2405   68.7966
2406   68.7533
2407   68.7423
2408   68.7492
2409   68.7514
2410   68.7571
2411   68.758
2412   68.7442
2413   68.7525
2414   68.7636
2415   68.7468
2416   68.7423
2417   68.7423
2418   68.7423
2419   68.7579
2420   68.7806
2421   68.789
2422   68.7661
2423   68.7603
2424   68.7701
2425   68.7715
2426   68.8042
2427   68.7758
2428   68.7746
2429   68.767
2430   68.7574
2431   68.8119
2432   68.7851
2433   68.7584
2434   68.7469
2435   68.7527
2436   68.7502
2437   68.7748
2438   68.8432
2439   68.7937
2440   68.7544
2441   68.7849
2442   68.744
2443   68.7452
2444   68.7423
2445   68.7423
2446   68.7423
2447   68.7429
2448   68.7425
2449   68.7463
2450   68.7423
2451   68.7423
2452   68.7423
2453   68.7439
2454   68.7461
2455   68.755
2456   68.7604
2457   68.7731
2458   68.8396
2459   68.7967
2460   68.8059
2461   68.766
2462   68.7599
2463   68.7637
2464   68.7748
2465   68.7969
2466   68.8078
2467   68.7471
2468   68.7576
2469   68.7788
2470   68.7542
2471   68.7543
2472   68.8087
2473   68.8343
2474   68.818
2475   68.8051
2476   68.7775
2477   68.8057
2478   68.7826
2479   68.7699
2480   68.7462
2481   68.7684
2482   68.7738
2483   68.793
2484   68.7958
2485   68.8367
2486   68.7577
2487   68.749
2488   68.7432
2489   68.7487
2490   68.7571
2491   68.7429
2492   68.7541
2493   68.7495
2494   68.7618
2495   68.7543
2496   68.7597
2497   68.7601
2498   68.7893
2499   68.8059
